1.1645855038484785E-15 0.016517302750802654
7.955877426540258E-16 0.13536170827139915
6.997591381903739E-16 0.048181577043768575
3.609425874291375E-15 0.010978194295491073
1.455132031094631E-15 0.07409378944010236
1.6751492322302247E-15 0.08639395078704859
7.518907071726477E-16 0.10318348235959907
2.9840101971731095E-16 0.09735621892879731
2.006691580627316E-15 0.043745685531119904
3.4729902225411604E-15 0.02164753105553141
1.054849070317797E-15 0.10577421858561753
2.2787263951016673E-15 0.013210450362049153
1.8377945362414677E-15 0.004277657830900727
1.518826376524751E-16 0.6204775851997881
2.491368592982855E-15 0.005221773834547361
4.9716470921272305E-15 0.015220626527648107
3.3832340959814936E-15 0.011730355133079517
1.646552037759789E-15 0.03234524872560407
2.4397535326006697E-15 0.02313427904399956
4.716882173779674E-15 0.005869004066130112
3.947919482556656E-16 0.2833979792431949
3.9837179249665755E-15 0.02246854132380416
1.870438821176666E-15 0.010482974466331951
7.945138551909353E-16 0.13668202304725996
3.46356098778118E-15 0.02399729395575856
9.614542373423528E-16 0.033157820173227215
3.0290080746113805E-15 0.03820156589741441
3.5545464599992083E-16 0.40788449513190295
1.902423642020056E-15 0.09226259595966402
6.39365131221008E-16 0.026752015174087207
2.940806776525996E-15 0.010919765437856
2.9031010348379885E-15 1.3249025851513885E-4
4.540715624069011E-15 0.010157465917473574
2.80610887665979E-15 0.02894807643776931
1.5513901113341955E-15 0.017286345032524908
4.274446624546317E-15 0.010319261354669318
1.5778357868466553E-15 0.0028929475204215738
3.53709535427814E-15 0.006004660105747961
1.773967859741765E-16 0.41021237408539335
2.905841118869967E-15 9.258365152782222E-4
1.853720713051621E-17 0.8414709848078965
4.932719290978695E-15 0.008700062970572464
1.0840407428618787E-15 0.08026625499799922
3.5367460057884685E-15 0.006088371046850227
1.3698618407488016E-15 0.05003886732442375
2.1362788618545464E-15 0.04201813993319392
2.4282661750813495E-15 0.027224452469332583
4.042524342770271E-16 0.2570733211633969
2.218157038713684E-15 0.009406166323505327
7.707736508775159E-16 0.12127055802813957
4.510709885481048E-15 0.004627476898947824
3.411789479477658E-15 0.004589383625896781
1.0243392824802589E-15 0.13398777114574678
1.0050587263018911E-15 0.15270049593651258
3.2649707051247455E-15 0.04263491528320973
1.7173662063439837E-15 0.06358480861202753
2.9765481632874036E-15 0.020892744448509082
4.562375323366004E-15 0.03456454610976256
1.7928163964614274E-16 0.39705296757948694
4.6798547249994246E-15 0.012573237398393222
4.021556680277192E-15 0.01433974968130669
3.1180659024716126E-15 0.013076463014891848
4.3935386236902056E-15 0.017690298848931918
1.2623460187991265E-16 0.9175126980991324
2.597852543027057E-16 0.01325268117162659
6.98319169113994E-16 0.046545774582195776
2.54373512533485E-15 0.012208643073271519
4.458385349015149E-15 0.005193892322872595
4.733489163673066E-15 0.0028961934934365052
3.888082951231765E-15 0.043718816826258444
3.620774899711798E-17 0.8414709848078965
3.204924765874981E-15 0.010083213253475276
2.6366909384980986E-16 6.626216871881141E-4
1.8838180074388943E-15 0.01638478840384361
3.8256977475377705E-15 1.1321339101433292E-4
4.241756935870854E-15 0.003913875215733831
4.398477328644943E-15 0.016725614079300066
3.685559681023126E-15 0.03211323307652736
1.444083901127321E-15 0.08109842304309889
4.05440745579336E-15 0.007405556058793672
7.243738145265027E-16 0.07513804844211291
2.012786330548306E-15 0.04106523497870673
3.980747500732581E-15 0.023113210925343908
9.588775790048521E-17 0.8414709848078965
4.761006264103802E-15 0.001983979973444794
2.8498915235545445E-15 0.015575900657039732
1.950875882711102E-15 0.06907225125470462
4.505742935873026E-15 0.0037049743077567365
2.411772110727612E-15 0.033165444316164305
8.795875475968074E-16 0.04207508102823421
2.5046194497032236E-15 7.422891638225737E-4
1.1991034483244483E-15 0.00818114350282717
4.4742409593331835E-15 0.0021935200845940583
4.4463626866788114E-15 0.007483216574417861
4.227862528273121E-15 0.001161335418323195
4.6089744120219535E-15 0.025707378826621774
2.0280951353078996E-15 0.034403528411410145
4.1071509087307515E-15 0.003495596803080203
1.8644735543479353E-15 0.007824280165410591
4.1706594446409846E-15 0.010364012980162651
4.61297451961845E-14 8.880114671252493E-4
1.2726627026277616E-14 0.004003129861346655
2.6502504148055647E-14 5.431384727074828E-4
3.9741318559460027E-14 0.0022034718791613672
9.84582549598445E-15 0.007041166243993091
2.920364054403985E-14 0.006299121518584472
3.590379385618567E-14 0.0027041097147395554
1.8783283817957004E-14 0.003758710170249202
8.946448908774009E-15 0.00238523618354769
4.868881655650456E-14 6.155023836229567E-5
4.935075405838463E-14 9.90156611300197E-5
1.7807548227173767E-14 1.951806425709579E-4
7.787802250398164E-15 3.7157900910023134E-4
4.64364774992027E-14 1.0556387576499127E-4
4.3121752355111344E-14 4.3109297117049916E-4
1.6664592605119696E-14 0.004624251172114069
1.456077079328114E-14 0.01250151790737708
5.348915523931469E-15 0.00952663902772366
3.4608067333331956E-14 0.0022301460992145694
3.522338861305403E-14 0.0032511793999835392
1.945140803641771E-14 0.008972491363269497
1.0516193092788607E-14 0.0031107111189178083
2.7685593890427243E-15 6.523089672725302E-4
4.1959135956636634E-14 0.0025910693331578916
2.836060082111769E-15 0.0197557111923633
3.6090175916958734E-14 0.004496994052668124
2.928809360119404E-14 0.003854552123999877
3.802112967438504E-14 5.064110817828427E-4
4.801583535198606E-14 1.7048201465552637E-4
2.9517500389332264E-14 0.0010460109940669815
1.3164754346484898E-15 0.08619184500689236
3.372852583142222E-15 0.014356476627197523
2.6442380034305768E-14 0.002457692036397563
3.511909218583052E-14 5.627888111788826E-4
2.2768191176233272E-14 0.006988186979224764
7.4655405667654E-15 0.02106448536179606
1.4646705728737432E-14 0.007491103056322834
6.2792436037934065E-15 0.007209342705016386
2.0079239277284033E-14 0.0010312778418173352
4.80881052015513E-14 0.003523063740514365
1.1550504430202392E-15 0.023600084772336993
3.3095130427423076E-14 5.440656903117347E-4
4.5896771161296763E-17 0.8414709848078965
3.853043485623671E-14 0.0027845950444992384
4.8560544687020565E-14 0.0021610187601800446
1.0238053833900158E-14 0.004367465797057712
2.1911219016988268E-14 0.004703958579099332
1.500373859127802E-14 0.009487908238357101
4.0616701065491096E-14 4.208542983470398E-4
3.799057916050821E-14 1.69859205411238E-4
3.3218655139540986E-14 0.004097338323338695
3.3380741696112545E-14 8.479908324199315E-6
1.6728540133706035E-14 0.0013899163851484042
3.794914104523946E-14 0.0010888789604970306
3.9118113429381623E-14 0.0014537101903201455
1.675016966284536E-14 3.0152833955188196E-4
2.6539381435180057E-14 0.003556438012894958
2.3719551807660228E-14 0.005721951579107376
2.7788378741296407E-14 0.0015327052482556613
3.024123934583312E-15 0.039622289389384946
2.544615285241743E-14 0.0049566383635117894
4.6083281575659224E-14 0.0017373227012810188
1.0430761201799873E-14 0.010028155587404886
2.489355357832541E-14 0.0014466444246512555
2.782329654393687E-14 4.747487825982333E-4
3.1575221850186395E-14 0.001118051915214302
2.892396534913777E-15 0.002981227982544965
3.279621708799234E-14 0.004833195371196419
3.8495122590115946E-14 6.74984286338498E-4
3.1890695525078173E-15 0.005949772357374372
2.7393622456785362E-14 0.002530583771295891
4.52431118725667E-14 0.0026723657794228695
4.4568740303445135E-14 0.002989959758749161
1.2014350947100384E-14 5.575165254296799E-4
4.706236385216796E-14 7.085985130607098E-4
2.984355138001332E-14 7.184873242227496E-4
1.9124452918310062E-14 2.908122917768541E-4
1.9009479195817294E-14 0.005381982137505514
1.3019500886612252E-14 0.01126756046673949
3.267565804648131E-14 0.0011602782423311142
1.545776684398803E-14 0.006040290449309316
4.6828162299783764E-14 0.0025497440781072633
3.612679420441334E-15 0.011726128531186486
3.326821029252794E-14 0.0028378095646456325
1.5576926940987903E-14 4.4298613988746904E-4
2.2641822419704375E-14 0.0019167809637431477
1.8062057872451238E-14 6.288215803584851E-4
7.391412914341316E-15 3.261306437146727E-4
3.9482183108202255E-14 0.002116884876932845
4.238636317161188E-15 0.0032972390641431426
2.259992291811619E-15 0.006344622341485029
3.009830459224008E-14 0.0032313201342533127
2.238771057798249E-14 0.0015715117834860237
2.3330141627044026E-14 8.276968720347666E-4
3.2757688029437434E-14 0.005828604549160343
4.701514629394444E-14 0.0015544038895130008
2.5494418816604822E-14 0.0033541838952969583
4.195928049050537E-14 0.002588161858274818
1.607533915603987E-14 0.001106628575635149
3.2748302985367345E-14 7.089146937149238E-4
1.2181623435544993E-13 6.549273757855412E-4
1.791232272767396E-15 0.026262506881518544
2.4388320589763025E-13 2.1086525358604558E-4
4.1456720557792193E-13 3.4253576492337956E-5
4.555782783276768E-13 2.527121891665596E-4
3.5759434513949064E-13 9.738994287233904E-5
3.537049218893209E-13 5.19188375989188E-5
3.613330544249823E-13 1.0739480852917094E-4
4.5195624679610313E-13 1.2541512122765663E-4
2.9578572144933283E-13 5.713528291029224E-5
2.351670153642607E-13 2.8297028673074376E-4
9.94509610346916E-14 2.5859915797243893E-4
3.057299898413747E-13 2.8385004371522804E-4
2.3571191244555664E-13 6.921232990312332E-4
1.2620076912186264E-13 4.5137856701782386E-4
3.5101298483309993E-13 1.7977917516731612E-4
2.6253076414665637E-13 8.51757378693696E-5
2.1627524280570484E-13 4.03349380680873E-4
4.4245731703099073E-13 3.7253415836502324E-4
4.214986569319916E-13 8.865134764801663E-5
9.156621798207795E-14 9.148696388794342E-6
1.7677967343406356E-13 8.439545622729305E-5
4.502100929628871E-13 1.785566558528684E-4
4.5347475855532814E-13 4.8472453367809365E-6
4.1416362158557937E-13 1.8502584453128357E-5
4.934705544562423E-13 3.5953963259172106E-5
3.635340271423253E-13 1.0148306251389627E-4
3.780436766248297E-13 2.0403459294737747E-4
3.249484837512196E-14 9.84330108239173E-4
2.381275972304087E-16 0.09098962667756805
2.3790831326610105E-13 8.293664826164449E-5
3.347466874073246E-13 2.8373375933266054E-4
1.9044401681996096E-13 3.31280408079615E-4
1.6970851439415166E-13 1.7742050741664794E-4
2.9654919019373166E-13 5.112781518474829E-4
3.1744455006077224E-13 3.474744351933401E-4
6.430161406371039E-14 0.001103255210820664
2.818250072259473E-13 1.3938841040506134E-5
4.1806502087374715E-13 9.589818172894837E-5
2.4363963333361606E-13 1.7448084374471762E-4
2.2481644645961232E-13 2.440565550865248E-5
2.610259294693607E-13 6.835065970809406E-4
4.344354454305087E-13 3.2833925306874345E-4
3.7769736939805075E-14 0.0021515391594741917
3.341094205893802E-13 2.2779651192250672E-4
4.2025484794623294E-13 2.017701268166583E-4
1.3685199369266378E-13 1.962284299737993E-4
1.651955998393593E-13 6.273829501272088E-4
4.410508914865813E-13 3.634302273269885E-5
1.1029230728998081E-13 0.0010688934884673928
4.636175363604623E-13 2.5162891642671603E-5
3.529201642234431E-13 3.5648117731823525E-5
4.169258544528575E-13 2.6500814116525717E-4
2.3627750123424304E-13 8.583999209454962E-5
2.4908704129034857E-13 4.8822858703245764E-4
4.855193275380441E-13 2.5265457183032414E-4
3.2955901282227873E-13 5.875876164695981E-5
2.697920068554548E-13 6.843358371277919E-5
1.4554242358257148E-13 8.332200949501267E-5
3.703301073991023E-13 3.4721761757461334E-4
3.8854441337140883E-13 3.1618751704420855E-4
2.545066369922104E-13 8.137234596583554E-6
3.909292690468542E-13 2.928086814475428E-4
2.2463367041699097E-13 7.090990813316544E-4
6.821859086741656E-15 0.02107717921813712
3.761465687141948E-13 2.1695565681767448E-5
4.845435556458957E-13 1.14693493496687E-4
3.4938711107652616E-13 3.451620173333669E-5
1.4565169974789684E-14 0.01224358888565924
4.4340848146764327E-13 6.898154871137763E-5
5.004137711273471E-14 6.177737042114551E-4
1.899916620669279E-14 0.0058416647016321654
1.3019484382693943E-13 1.8302628458632952E-4
1.0546765712387197E-13 6.624653141233949E-4
2.1055512273651684E-13 7.393904516928007E-5
1.347114824429235E-13 8.090573909219634E-4
4.403004110811869E-13 2.0991371741463372E-4
3.138416784106812E-13 2.473570448958684E-4
1.7423460383532374E-13 9.075130602160808E-4
1.6033863333520567E-13 5.164825056115374E-4
3.6535545333045757E-13 4.176097570374182E-5
4.2163141363361276E-13 8.69902307853998E-5
4.301916355652222E-13 1.4196744505734493E-4
2.834360866812228E-13 9.644961084986914E-5
3.9133085616183796E-13 3.6077308380733086E-6
4.015387683463826E-13 1.0548532018384016E-4
4.846119996840748E-13 4.167620826112106E-6
1.2240728608473646E-13 2.1663020787054954E-4
2.286594832796595E-13 4.4761707467488865E-4
4.555647327973611E-13 2.777395739359534E-4
4.2470870268249475E-13 2.6315360592221726E-4
1.3062689964700466E-13 5.103428539443566E-5
1.9478291433655817E-14 0.007798732880584414
2.839199317129749E-13 4.248826630828262E-4
2.842255780073128E-13 3.0076382960830816E-4
1.3234898809008642E-13 9.417508037079525E-5
2.5167132869259205E-13 2.1690991633205314E-4
4.784341365030815E-13 1.8695786056244224E-4
1.9836057583622374E-13 2.4273217903614253E-4
1.6198520709599946E-13 8.677211306505894E-4
1.5395992144003121E-12 6.638259211055875E-5
4.066296509303253E-12 9.058289361818517E-6
1.7826306217874108E-12 5.3944395428384695E-6
4.682794226434483E-12 6.814386754538937E-6
4.0133898163030987E-13 3.67170332112865E-5
5.662788056164137E-13 9.499406102841945E-7
5.6698858385779714E-14 5.140466024536883E-4
1.8797182007603565E-12 3.414143839974848E-6
3.4249031553733122E-12 1.1592649447500492E-5
1.2018688127030681E-12 6.277057659886953E-5
2.4677970468553283E-12 3.750561177684464E-5
2.8973658015309027E-12 3.849359177166001E-5
4.2464398604502466E-12 7.362742937555566E-7
1.0142186945720967E-12 1.02401582829037E-4
2.1112558931758E-12 8.67180199193296E-6
4.3849404303842236E-12 5.947643473724895E-6
1.9209651564287795E-12 2.5134184389652425E-5
4.521393967691895E-12 2.4875224993392564E-5
3.3599099829919282E-12 4.1136387428530874E-5
4.326393449457151E-12 5.169508544566881E-7
2.529847615394637E-13 1.9599051365448705E-4
1.5122003152946248E-12 3.047216325879898E-5
4.5982424707130935E-12 1.3410603626584638E-5
3.222960436794254E-12 7.79153473207117E-6
1.4441178405586666E-12 4.629904794783979E-5
2.6511290477902166E-12 5.4692655387156286E-5
2.591417511557275E-12 3.7593120278511805E-5
2.2539478665099273E-12 3.2513765265140826E-5
1.7757713984889973E-12 6.15993547559146E-6
3.4925985342401166E-12 1.4018118577041605E-5
2.625707922360136E-12 8.340378367943657E-7
2.2019319342875686E-12 4.559399539383335E-5
4.452139116095819E-12 2.2845214857847296E-5
7.614550226587381E-13 4.281315562915111E-5
3.229672080505673E-12 1.2260003262598573E-5
7.79477071999335E-14 3.008018470768148E-4
2.917277112675799E-12 3.4569180275001443E-6
2.0467350628921985E-12 6.441057912565107E-5
2.23953987217153E-12 4.2759921207502494E-5
3.0629104622218777E-12 1.0600585112929828E-5
1.9297335262482585E-12 5.6198106528460023E-5
4.376982872440373E-12 1.388994109241537E-5
2.2076181270935993E-12 9.709415836001156E-6
1.5934240018375904E-12 2.3328398536248685E-6
3.4291865612643867E-12 3.8111898033044156E-5
3.4979540784213967E-12 1.023539976663379E-6
2.6691241094498117E-12 3.810544648763514E-5
1.6329535651075202E-13 4.5142931864283753E-4
4.76177140450531E-12 2.823528125639463E-6
4.057324712113413E-12 3.643939116171335E-5
4.580713566700132E-12 3.422728843627265E-5
6.864912299586996E-13 1.4218780275787601E-4
3.1442547704473914E-12 8.481561778350688E-6
1.3160670866109404E-12 1.1549274334887727E-5
3.32306521855685E-12 1.678272312266582E-5
4.072930767523665E-12 2.858760053792153E-5
2.3419397299604925E-12 1.2153267899162046E-5
2.4524387675519867E-12 5.607298518062187E-5
1.0202390464613928E-12 1.420569819017281E-4
1.0054300588937429E-12 6.041718517890704E-5
4.1116124542250174E-13 1.8547145674963073E-4
2.0738664015507173E-15 0.015072540884980112
1.5701251522510708E-12 3.9272964931114096E-5
2.7742711155367617E-12 9.710065784762634E-7
1.0144621715012437E-12 1.1929812331745726E-4
1.4864527422796006E-12 1.9908721529349194E-5
2.70315372392441E-12 4.08889053178374E-5
2.425287296951612E-12 4.704430712776375E-5
2.5500943161942017E-13 3.448860771803064E-4
2.8220650874355085E-12 1.05812391519855E-5
3.590534867284616E-12 8.363225796559348E-6
4.0801818164612205E-13 4.1062554873894097E-4
1.196544338325864E-12 9.606045840315769E-5
3.673872740231239E-12 1.8977682373466642E-5
4.008652475250286E-12 6.453444718057533E-6
2.3724015350414766E-12 6.3376592877029125E-6
4.23613142825238E-12 2.8894939006152143E-5
5.192139987461353E-13 5.923311203392956E-5
1.8328352772080777E-12 3.6502023374462844E-5
4.755635635071416E-12 8.733064377430821E-6
3.2792001983687277E-12 1.0718772890383477E-6
2.822083959890464E-12 6.247264028325095E-5
4.681580201181123E-12 2.167606460101723E-5
1.3252576792706774E-12 4.3673443679947965E-5
2.2985049782540625E-13 5.078898735499937E-5
4.3827620721678444E-12 6.451147806507684E-6
3.861405360578857E-12 7.5502722304277015E-6
9.001469654158901E-13 6.400759388114352E-5
3.654116017370281E-12 4.162636454174695E-5
6.240479036782927E-13 1.5020598528936446E-4
4.372861599820594E-12 1.990366856186032E-5
3.0580800031823434E-12 3.487620658382262E-6
1.5998607138723128E-12 1.2544343824028026E-5
3.3029058123483365E-12 9.96492301230667E-6
3.6298316306111048E-12 1.7475700629154822E-5
4.7566233286157736E-12 3.265276018682428E-6
3.4642081154489958E-12 8.383165674530346E-6
1.895105633468648E-12 2.5301419019796434E-5
3.717100249050339E-12 1.8291721148866458E-7
1.4435673319525647E-12 1.7327360972263506E-5
1.4878772218811822E-11 2.75286856976642E-6
6.904909952955486E-12 1.025665112797114E-5
2.4652766927045964E-11 1.6295567439872372E-6
1.4137680574559822E-11 5.320548019493998E-6
3.92553142721114E-11 9.080953996543073E-7
2.4577890966452512E-11 3.925311797492448E-6
2.357505404884993E-11 3.1441507787333123E-6
1.881177044231472E-11 5.948793264320962E-6
4.192215822385997E-11 4.023245650741636E-6
3.390419796454478E-11 3.3398739546219858E-6
3.299001878201465E-11 2.87841604751371E-6
4.478003041533616E-11 3.531761826325308E-7
3.3181931133458844E-11 9.858200624712765E-7
4.9285504633566874E-11 1.1963783570489994E-6
5.783000978176985E-12 1.5543862307287881E-6
1.667366160560937E-11 4.1982516757466115E-6
1.8579562824977224E-11 5.846609049453555E-6
9.676777035458106E-12 1.8985954741701505E-6
2.9282020905900526E-11 4.858691358133882E-7
3.8614644353512814E-11 4.2714758996531543E-7
1.9939303331570805E-11 6.133286118981118E-6
3.910313846317397E-11 2.006504966733935E-6
2.454770460827933E-11 2.9865587178878883E-6
4.874192888544869E-11 1.0319257638391477E-6
9.513468555117251E-12 6.978248606070991E-6
4.994886382966694E-11 1.6333678614088853E-6
3.344306623159036E-11 2.463827344367786E-7
7.0531248963979905E-12 1.1445962973422041E-5
2.9980050476217933E-11 1.1055731538034408E-6
3.3447557302797344E-11 1.1636025953887241E-7
4.681108567251895E-11 2.6828245724974664E-7
3.552686781946119E-11 1.0108011023746144E-6
4.2411055697038083E-11 5.2656944804496675E-8
4.220288836191981E-11 2.057554433165798E-6
4.412904419597202E-11 2.2022189396508907E-6
4.379763299868465E-11 1.873722007994516E-6
2.1530757447379115E-11 5.148153736866945E-6
2.822075495192423E-13 2.5656128453288574E-5
1.486208302405359E-11 6.433979868547546E-6
3.32739330532467E-11 5.078504872191303E-8
2.592747601233592E-12 3.409920231856045E-5
2.7450721581595425E-11 6.753741902398858E-7
1.4404486913820133E-11 9.097597853946482E-7
2.7522475278127205E-11 3.8537720348230664E-8
2.7026994410386515E-11 1.5897931665564968E-6
3.545179439257393E-11 4.1564399404503405E-6
2.2975682980456718E-11 2.518126620110195E-6
2.698498316434991E-11 3.302567314289462E-6
3.464284888783673E-11 5.01654422768727E-6
4.5889364319992594E-11 2.7434172589213546E-7
2.4128979850949344E-11 1.3783864587502137E-6
3.165103405849708E-11 4.973851743028668E-6
8.621212060801549E-12 9.339236075933677E-6
4.123132739823844E-11 1.2626803403970044E-6
6.34594046531345E-13 3.907625178156682E-5
1.617940828447553E-11 1.0033014111399119E-5
4.578884611345628E-11 1.8037734266229677E-6
4.272812799662177E-11 4.286200402381368E-7
9.414488742769867E-12 2.4134745105763855E-6
2.8142088190811952E-11 2.999286189520056E-6
4.874008102805797E-11 1.0444011374621809E-6
1.1628718569898169E-11 4.680427580394664E-6
4.393512481504896E-11 8.897816254904711E-7
1.155916770244668E-11 6.117300816232962E-6
1.8255920553606177E-11 2.476997417177884E-7
4.297639801603022E-11 2.26591651120156E-6
2.2005176297328198E-11 6.2415508368385275E-6
3.4699601847363014E-11 1.3367991049673122E-6
1.4167831142127531E-11 1.5486299888012311E-6
1.447996951871304E-11 9.943089873676314E-8
4.927883048199007E-11 2.6241664896620165E-7
2.324183932247875E-11 9.599694745787701E-7
3.232534850312941E-13 3.317363886975455E-4
1.648102328924129E-11 2.9133060827080115E-6
3.931270487251343E-12 2.073070836416946E-5
1.732003855276095E-11 8.24812622768345E-6
4.4632150179018854E-11 7.816834499685399E-7
2.2876038955812962E-11 8.301529577203759E-6
1.5951483168314715E-11 1.7934180374101771E-7
3.372571225808988E-11 6.054312987613386E-7
8.30866207018825E-12 2.457752760309795E-6
1.7002414988230378E-11 4.2445251630107705E-6
2.5288530775058516E-11 1.2339564386953938E-6
2.259125566731199E-11 8.236384460014179E-7
2.9369210827880796E-11 1.2683975370020306E-7
1.0960417083164765E-11 2.577156474226072E-6
4.669094154312293E-11 1.2010307103293982E-6
1.1251006182297681E-11 2.8077660565450913E-6
3.420815703152731E-11 7.268115556069432E-7
4.161838567406006E-11 2.404879614781308E-6
4.54949049961679E-11 1.4908099612576109E-6
2.6657057821099525E-11 5.190356464734869E-6
4.764438810322433E-11 9.417167190495235E-8
4.163651411278755E-11 1.3350650697185884E-6
3.784546488194974E-11 2.8986439671863096E-6
3.1721266223287825E-11 3.876377079436999E-6
1.6216962080479252E-11 5.6874045829546915E-6
1.92448227104387E-11 4.478372442884293E-6
2.087590275496589E-11 7.107690657370824E-6
2.6145073050847795E-13 2.6017330812988515E-4
1.1705226631808476E-10 1.071098504223933E-6
3.6223883158465047E-10 4.2082948514821084E-7
1.3224054878164689E-10 3.1215595097666693E-7
3.984900100745585E-10 1.923730874597851E-8
4.185856579969632E-10 1.3370917373300983E-8
4.956224312207356E-10 1.0741880607234577E-7
4.393028290114388E-10 1.1672622068914507E-7
1.786682463735767E-11 2.0327515770635074E-7
1.3143218175058957E-10 4.070323544880239E-7
2.8602362005361206E-10 4.207668378164442E-7
1.8240366988458687E-10 2.699816865625593E-7
4.26896294028141E-10 7.102697052729923E-8
1.5948366432547897E-10 6.745417785447572E-7
2.6137292889672994E-10 4.55156357048736E-9
1.212758727466325E-10 1.4873332609965928E-7
2.269910725403037E-10 1.3894556649685086E-7
3.61409581297911E-10 1.5578706114016683E-7
1.888320280299043E-10 5.932748518011621E-7
3.451769787511039E-11 3.9243557958812403E-7
4.1227794251439396E-10 2.9577632398858356E-7
3.8118486611413565E-10 2.195096605595026E-7
4.0028255349833186E-10 7.980545946306705E-8
3.658911195356049E-10 1.8162877069016758E-7
2.231696451514185E-10 5.057205622049921E-7
1.3581242485692608E-10 2.609202840453406E-7
4.146224640587754E-11 1.8010950326718955E-6
3.9095100445813105E-10 8.300770071301145E-8
1.8180103056018061E-10 1.580735675688061E-8
4.71302860687485E-10 6.517638428960026E-8
2.2663632064193225E-10 2.6462512847658104E-8
1.3503848565481802E-10 1.9248253957382389E-7
1.3141040599015165E-11 1.289929255632316E-6
1.4494663924054E-10 1.0701005288549226E-6
2.6282083754833473E-10 3.6321660690230573E-7
1.4720701883792636E-10 5.210158781077112E-7
1.2678369182853907E-10 6.714536170404628E-7
1.7011795373154726E-11 2.915235485456691E-6
4.928285598321648E-10 2.388118363061409E-7
4.36309872696883E-10 8.607888957179455E-9
2.587374756871189E-10 3.7392598228880303E-7
1.382226518344097E-10 4.0682951540915724E-7
3.9478701171854853E-10 2.9658748745831076E-7
4.0526269227118985E-10 2.0882416340572973E-7
2.4997401997995916E-10 3.12436572724728E-7
3.0072280060448465E-10 2.3313925179291317E-7
3.672820064151095E-10 1.9771363612974824E-7
4.774051881329862E-10 8.657319772176209E-8
2.690633183750077E-10 3.1165104952268763E-7
7.969831101067382E-11 2.1700683083825112E-7
1.2390916828956352E-10 3.2801034943741314E-7
2.949210340979094E-10 2.1844100084322804E-8
6.991419126322374E-11 2.5280300932628563E-6
4.3043464115400574E-10 2.320444425496504E-8
3.1876952288098344E-10 5.802579206015679E-8
3.8343519445400224E-10 2.453094393173316E-7
1.1245501127644748E-10 8.86799128574367E-8
2.1303577115245275E-11 4.510820792558157E-6
4.2532443878142783E-10 2.168094125343245E-7
1.91931556863581E-11 2.1749708212226437E-6
6.403134838173497E-11 2.434993815136899E-6
1.77023947893895E-10 2.9237617327204646E-8
4.950289714014462E-10 1.1490444173922754E-7
2.056366168073185E-10 2.3035351626177203E-8
3.423631389145716E-10 3.721003626333541E-7
7.851277948980191E-11 4.800961770357048E-7
2.292915608157088E-10 9.712741000367231E-8
1.6472537980041127E-10 3.0431164510513753E-7
4.570960110613055E-10 8.413203178569972E-8
2.1574088608051164E-10 4.048033019898867E-7
3.0856195506438887E-10 4.868064980012576E-7
7.501529108632849E-11 1.2465623013824256E-6
4.5629721137461334E-10 2.417411296695704E-7
1.8230005884256942E-11 8.369244214434524E-6
1.3572813665961289E-10 1.3451406755127238E-7
4.4328731003618123E-10 2.2477676742127528E-7
2.86688415529594E-10 1.5558769572709963E-7
9.41756635373437E-11 3.629228368939863E-7
6.750704282359478E-11 1.7835890774309249E-6
4.794329053241982E-10 1.6251541823386617E-7
3.3197384316747457E-10 9.907465037262142E-8
9.365321482987716E-11 1.7615704721585246E-6
3.271424974276451E-10 3.0787250260289056E-7
1.5533615334057466E-10 8.475390407269856E-7
3.0231363401484327E-10 4.5276456828169387E-7
3.739616714035336E-10 4.424777987344086E-7
1.144780503398174E-10 1.199950587782439E-7
2.6765296361196113E-10 3.078195111028137E-7
9.808896221049025E-12 6.0668122052742746E-6
3.8588281241747527E-10 1.795754962508056E-7
4.5535101426958174E-10 3.6627707578062996E-7
2.916732163357949E-10 4.447121126904818E-8
3.7980596960635663E-10 2.3957778727545787E-7
1.8480835910957062E-11 1.5560152935023552E-6
6.125803270885583E-11 2.1513687293861494E-6
1.0886158127190154E-10 7.775901884610192E-7
3.1589429188931476E-10 2.123704151424377E-7
3.7040123863361585E-11 2.7177639905229256E-6
4.023714687681729E-10 5.6119442648494555E-8
3.1420797649581135E-10 1.6983271955428592E-7
2.576632428910817E-10 8.589309397066813E-8
2.238367317131536E-9 1.5125439234431326E-8
3.3223963948427267E-9 1.8235587151416155E-8
2.6117882618795622E-9 6.432729671157489E-8
4.446000050167597E-9 1.8523461653430218E-9
3.846615944397387E-9 6.641834859877349E-10
4.408830444785759E-9 1.0021389607040021E-8
2.818454589090161E-9 2.960909739613271E-9
2.695173765492926E-10 8.113712524071559E-8
1.5361210317727417E-10 5.248847966266013E-7
3.5450240975923567E-9 3.2758736834281876E-9
1.2767603248487084E-9 4.167654876763294E-8
2.4494196357460707E-9 2.1475839329099244E-8
1.3213423583390096E-9 4.6828136923693364E-9
4.4464357790996925E-9 3.512885671241861E-8
1.1251259906986017E-9 1.4647775992138179E-8
4.314221873699098E-9 2.163277290634369E-8
5.692002336500131E-10 9.265398703828254E-8
3.5741769869332235E-9 2.1834176466839494E-8
2.034150585028729E-9 5.0471968493503994E-8
7.985643768692032E-10 6.22784088744055E-8
3.1493788801731137E-9 5.801451330444962E-8
4.242547538159259E-9 2.3671791971047185E-8
3.97339043036917E-9 4.2406351208335025E-8
1.5947770014087105E-9 5.103250577676022E-8
2.452832501838966E-9 6.341519609431856E-8
3.696717052153504E-9 3.529980296956836E-8
1.4202462096166187E-9 3.201437348554492E-8
2.525215707825377E-9 7.023759829305476E-8
4.474600920856909E-9 1.0851354814711556E-8
2.886657974123205E-9 1.4437235296149709E-8
3.080081808841667E-9 1.0143761830505582E-8
4.346340448111177E-9 9.413117396661619E-9
2.8682592368614502E-9 5.1739280637619345E-9
1.2659751208019956E-9 6.871334412572594E-8
2.953298597997045E-9 2.607856364189587E-8
1.1886657336098118E-9 1.472550019698815E-7
3.601490286671923E-9 2.9859894556949484E-9
3.578062999605764E-9 1.4254388780443605E-8
2.632939877175263E-9 6.012594755411271E-9
3.3611299846030697E-9 3.8703709570597766E-8
7.882469755741829E-10 1.6886763043455488E-7
2.2570641802088524E-9 1.868937382631941E-8
2.045503736160534E-9 5.54917726214299E-8
1.3040941464751606E-9 3.1770885811077676E-8
3.61770231678117E-9 9.467233552662435E-9
2.767388607201838E-9 1.2423494566426996E-8
1.457991887866488E-9 5.407535186296997E-8
4.062093977860303E-9 2.737559667842504E-8
3.426160419387391E-9 3.900488321217921E-8
4.933094768991364E-9 1.0552222318160887E-8
1.4658248159461632E-9 4.720133306435059E-8
1.765633724380212E-9 5.362166155542525E-9
4.865326922107308E-9 2.5003977111026643E-8
1.0672211092778235E-9 1.4901980227577383E-7
4.849105576573041E-9 1.1184184689483345E-8
2.2607245676673485E-9 2.6666396646390922E-8
8.088166527043629E-10 6.721424783417973E-8
1.501196763326418E-9 9.957811797356442E-9
4.638814100487996E-9 1.4309087248420838E-10
2.2055329503529816E-9 5.386126988859985E-9
2.1084999155211937E-9 3.790934743896912E-8
4.935747394768048E-9 9.688803870311347E-9
1.4698685279849401E-9 9.771763287425017E-9
2.6654208622964943E-9 4.794903918359239E-9
5.632673517368659E-10 1.0803048289265149E-7
4.887254881629949E-9 9.502156173013532E-9
3.145888006968151E-10 3.5640952966708994E-8
3.480820883143831E-9 4.223497696020928E-8
1.495019998875463E-9 1.2370846302900418E-7
4.387312386918738E-9 3.6865182018175346E-9
1.9879504136213197E-9 4.117722618435238E-8
4.456806994902758E-9 2.892696304712672E-9
1.140165178108087E-9 3.086490008019638E-8
4.008263983311403E-9 1.4085055677348635E-8
3.3951186519615572E-9 8.810265850200949E-10
4.72888047125198E-9 5.817854864531569E-9
3.65962932424153E-9 2.2410867606126317E-9
3.2337980733272828E-9 1.7951110042879748E-8
2.3521039374053536E-9 4.2418094592378E-9
4.496412136100758E-9 1.883583389261645E-8
2.946371687868336E-9 2.2071787397770493E-8
2.1712098833687347E-9 4.191411173692927E-8
2.951980365683906E-9 2.1823775453455596E-8
6.833368935642854E-10 1.3820852995394262E-7
5.666122125736868E-10 1.675213957552657E-7
4.610733043105127E-9 1.625595624776821E-8
8.719622806472134E-10 6.724113821299227E-9
4.9851192787930136E-9 5.941655722985217E-9
3.109461646483588E-9 7.439355576011053E-9
4.477382242779703E-9 2.4124867548103168E-8
4.720735340978877E-9 1.4295233996541867E-8
4.1916672304483755E-9 2.2762009943555483E-8
4.939369239353566E-9 1.3585968017260086E-8
7.920357476720504E-10 1.3605258053495106E-7
4.510787056895308E-9 2.390581532729641E-8
3.637787245759872E-9 1.0071041334214215E-8
8.467804471227436E-10 8.440237631024416E-8
1.361026411294938E-9 6.844516475812412E-8
1.6070883070993396E-9 2.12157108547828E-8
1.2593778776864851E-10 1.0996149890640794E-7
2.3746222762669724E-8 1.007904637528867E-8
2.5473005317689303E-8 7.039603788783211E-9
1.0513249035618198E-8 6.307366851032725E-10
6.904537419089081E-9 7.169643656546043E-9
1.6617115717133327E-8 3.789049296543112E-9
1.641239180713762E-8 1.2505020130504363E-8
1.9899807114669892E-8 5.985991258228296E-9
3.1280742228272757E-8 9.495213837418248E-9
2.488907959236723E-8 1.343759326033478E-8
4.545530582519262E-8 1.1668893518113066E-8
4.4927875622793334E-10 2.343543183958019E-7
3.306525801592048E-8 1.285250561533502E-8
4.839809264722541E-8 1.3658200903599038E-8
4.716015958547565E-8 1.4316324348229159E-8
1.8567767101322518E-8 1.0283618512296755E-8
2.8810726945967515E-8 1.0280090445569101E-8
1.695014166035091E-8 1.3704430479322127E-8
4.559225390263342E-8 1.3755204641974217E-8
1.7040944644471856E-8 8.618398217308254E-9
4.198362360897319E-8 1.529569493285976E-8
4.967453396386176E-8 1.638851354623938E-8
2.7773548044394488E-8 1.369395286054953E-8
3.05569859303076E-8 5.406920799977399E-9
1.8475566284525775E-8 4.692320976218411E-10
1.4560169365465824E-8 3.9965541986930475E-9
4.72728098341202E-9 5.65802349417055E-9
4.1485872638718856E-8 1.3738669757401567E-8
2.530656460163458E-8 9.679195778211636E-9
4.4456823186418094E-8 1.2670489102362126E-8
1.763240569340025E-9 8.482170998913574E-8
1.2006656638098832E-8 4.040849654884937E-9
1.667086013921042E-8 1.0917782455877045E-8
2.114573797262083E-8 1.194084953137775E-8
3.4873970224881375E-9 2.5853505780659702E-8
6.652832497603624E-9 1.266119054044168E-8
1.4220235575107502E-8 1.267031302099042E-8
2.2186080224741286E-9 1.2728296194808308E-8
3.316999104724616E-8 7.01468172437103E-9
3.013695082973588E-8 1.1763727880698127E-8
6.5362505499645415E-9 1.604388633058562E-8
3.645129619223476E-8 1.0419958340612823E-8
2.05690551259658E-8 9.414827917275659E-9
4.8919137009903354E-8 1.3773944984585285E-8
2.6112009626917823E-8 9.700996672634687E-9
4.211837927019146E-8 1.220084022701684E-8
7.081757377773347E-9 1.2154605433245536E-8
4.140019774453278E-8 1.2302040830469707E-8
1.0845757993479701E-8 8.710431820269093E-9
9.266911572642807E-9 1.8199372453509E-8
2.183813265823637E-9 5.302689110031622E-8
3.084849094808737E-8 8.751854685407068E-9
1.042655053548708E-9 9.16502511660866E-8
3.135252348945758E-8 7.755497799522004E-9
4.051764924653551E-8 1.2654295611369548E-8
4.721079333902616E-8 1.3718619462643744E-8
1.2227815170606983E-8 1.1560415735800689E-8
2.3838272565822024E-8 6.402853580667056E-9
4.4702839400971175E-8 1.2813317740167918E-8
3.881085743729093E-8 1.248014169785705E-8
8.692755273580396E-9 5.940044900398789E-9
4.736640896447439E-8 1.363550750088649E-8
2.496776861212425E-8 7.001958568508826E-9
1.2605420563090972E-8 7.042504357457346E-10
3.262908908094438E-8 9.026336789119682E-9
2.0935493471200984E-8 9.31673493909102E-9
4.303934376497913E-8 1.3814191457406366E-8
2.2145908852669666E-8 1.1512561015614153E-8
1.8947438289385307E-8 6.379737738093638E-9
3.615006243155945E-8 1.3843734270047037E-8
3.4377982801985776E-8 1.2988007336289797E-8
4.568511152746839E-8 1.2509011604322495E-8
4.643613169875058E-8 1.2781530056571455E-8
1.7057308881718937E-8 5.932110358486398E-9
1.980797458338088E-8 6.08681438585279E-9
2.971608682731165E-9 2.7615521758228567E-8
4.178347099582215E-8 1.0229683766738162E-8
1.134500838829627E-8 1.8764524378767078E-8
4.486872394264983E-8 1.2319481879075056E-8
4.8190748012324015E-8 1.494594503714808E-8
1.4168925827631832E-8 3.3624198980675146E-9
4.7747193778615855E-8 1.3215914473896362E-8
1.280026656882827E-8 1.0468431455024074E-8
4.8239508235406857E-8 1.2159607098993774E-8
4.622780536159372E-9 2.760016593050807E-8
1.388822869866591E-9 1.8291109737944566E-8
2.497684083579159E-8 6.66133681548331E-9
1.0063541818422824E-8 4.685916987767769E-9
3.616041003404841E-8 9.07865815857889E-9
2.3497993291415148E-8 9.448029025804772E-9
1.0815181064702216E-8 4.826709254501793E-9
8.138302761815122E-9 4.117246210633141E-9
4.781647626759417E-8 1.424415518869182E-8
1.4423970155939557E-8 1.3552766020552554E-8
1.7709601848503747E-8 5.628429611270747E-9
3.33420590005134E-8 6.671242669398225E-9
3.8136007141306805E-8 1.4759861111102168E-8
4.9221612053154915E-8 1.5638921713190257E-8
4.0383823087642095E-8 1.3195215808892158E-8
3.7447223796427665E-8 1.0348506607193997E-8
3.142342298819727E-8 1.0049176601967247E-8
3.1974925478731996E-8 6.137264696448597E-9
4.819988275236876E-7 1.30327723057988E-7
3.324736189453324E-7 8.975455556559098E-8
1.3107256947890822E-7 3.5583095581159796E-8
2.076033338375516E-7 5.642953115891913E-8
1.842737227694894E-7 4.9806331725577024E-8
2.894081042594445E-7 7.849086758326962E-8
8.947431164540345E-8 2.5593096419918027E-8
2.4678091504751863E-7 6.683223596759547E-8
3.2516153554380156E-8 8.641720117275042E-9
2.680781770453791E-7 7.258474854499042E-8
6.493586219965282E-8 1.8218063169150867E-8
2.4416317859047934E-7 6.601340762912855E-8
4.838731560902998E-7 1.3061260317748236E-7
4.466530493958789E-9 1.4872446718605659E-8
3.619713232070061E-7 9.767744035826809E-8
1.6171937473436265E-8 1.1101819019643244E-8
4.156456476184981E-7 1.1265168575746998E-7
3.1875147188436577E-7 8.619339675330906E-8
4.3886295387750593E-7 1.189194003270444E-7
2.7975866772047976E-7 7.593772799463494E-8
4.986702745300686E-7 1.3500943840671908E-7
3.9657631852681035E-7 1.0700549446518437E-7
4.5932593779499225E-7 1.2399516091665674E-7
5.7805417360886816E-8 1.6515214196211048E-8
5.92747720305051E-8 1.5758302884805175E-8
1.1883266306255807E-7 3.258425518293251E-8
1.3368822190221318E-7 3.562340133989039E-8
1.4204982535126446E-7 3.939444215284027E-8
2.4323764336558776E-7 6.589649004240528E-8
2.3300257343634148E-7 6.30930164779997E-8
3.1462740544139566E-7 8.510244087212016E-8
4.507688164310593E-7 1.2211372124593112E-7
2.1168687509506204E-7 5.780754419593137E-8
1.4201495487601694E-7 3.915583290936553E-8
2.6807337483440136E-7 7.274443081239923E-8
2.0292822333007293E-7 5.512337819535418E-8
2.185013527181294E-7 5.975052108642132E-8
3.9760635543357884E-7 1.0743768474874571E-7
4.4857644844095126E-7 1.211640612286402E-7
4.931030424307696E-7 1.3328857861871768E-7
2.41532270492817E-7 6.507649541465099E-8
1.2433682303990261E-7 3.448760865776279E-8
4.702574500537985E-7 1.272085496939468E-7
9.219578192835667E-8 2.4740045123650134E-8
3.6584121343346954E-7 9.885492058270273E-8
6.769639475412078E-8 1.8079352570588014E-8
2.79397470355937E-7 7.525670409069818E-8
1.1782812960582189E-7 3.308960483394685E-8
3.4615505183625987E-7 9.329445560535277E-8
2.5514814810419576E-7 6.944468378122792E-8
3.0279136959783936E-7 8.179843946631848E-8
1.1525360037199643E-7 3.2146464712390355E-8
2.0786687154193364E-7 5.6098049872055356E-8
3.8248860585073713E-7 1.0368690495088373E-7
6.718067262960895E-8 1.83206914083911E-8
6.473666675638142E-8 1.7230019966341104E-8
3.8116624809979754E-7 1.031454837097101E-7
4.895668810565988E-7 1.3236542828476416E-7
4.593977907456347E-7 1.2401423310492987E-7
3.845664580626399E-7 1.0379726422815594E-7
2.0126061184672085E-7 5.526284996282271E-8
2.6918868458605504E-7 7.299482518430267E-8
4.242948013933703E-7 1.1460359894410743E-7
1.302207264259802E-7 3.526030367684285E-8
1.491539572931801E-7 3.998359587864542E-8
4.6094167475493387E-7 1.2476141120210116E-7
4.780968407533205E-7 1.2928950354762492E-7
2.996685621591666E-7 8.135861773173048E-8
4.5207747403979483E-7 1.223835577324195E-7
2.1771381159484235E-7 5.9424614340386483E-8
4.4851095834282136E-7 1.2140279537220522E-7
4.42397834571581E-7 1.1971853841608038E-7
1.1042104545598651E-7 2.9674758206255092E-8
9.683639353115406E-8 2.7226011445335985E-8
3.397382823059651E-7 9.209654805442113E-8
1.354761563038374E-7 3.7171228761678776E-8
6.889317994740632E-8 2.0636412245700342E-8
4.200687790428755E-7 1.135874689861538E-7
1.6047831375183368E-7 4.340392323332054E-8
3.3380164858464287E-7 9.011863721930524E-8
1.0364102226526465E-7 2.7607640062932148E-8
1.670518489276074E-7 4.614774684608136E-8
4.4608082947720944E-7 1.2032221141655697E-7
1.236726443932299E-7 3.387336844351552E-8
5.419072254724629E-8 1.5429799327115745E-8
3.1539232925861075E-7 8.571943388435699E-8
5.21922039285664E-8 1.3522799990894896E-8
8.902946340550446E-9 1.3067715576298156E-8
2.893228703238412E-7 7.824449299587144E-8
1.1720060312715328E-7 3.2744620681590675E-8
9.655925389407376E-8 2.6812078002258488E-8
3.693192986019335E-8 1.2585165687362121E-8
2.5937594772122743E-7 7.078524810744113E-8
2.0668926460852092E-7 5.614595721681326E-8
1.7809534314914898E-7 4.845089929261803E-8
3.2872661277279914E-7 8.908732007650855E-8
1.5397521217868803E-7 4.1718842824778335E-8
1.6635035567583676E-7 4.539296039052232E-8
2.078797587542395E-7 5.6090651012752346E-8
4.107453375195743E-6 1.1096493689466413E-6
5.381302781466798E-7 1.4549001015051743E-7
2.402639941577319E-6 6.491265309715999E-7
3.4545262119707963E-6 9.332604760103891E-7
1.5983012606646118E-6 4.3178413211553135E-7
3.786063311505312E-7 1.0249739179624129E-7
2.7225151291584954E-6 7.355134562514465E-7
1.455844354818817E-6 3.93313772772963E-7
1.6261812019245766E-6 4.3931005799802136E-7
4.832703032522009E-6 1.3055530633243606E-6
1.6387111746501608E-6 4.42758179786118E-7
8.5640279873998E-7 2.31360166247363E-7
3.5990927094552155E-6 9.723148552964744E-7
2.742306965126458E-6 7.408300826128311E-7
1.9266466061844814E-6 5.205531606877756E-7
1.617253514498776E-6 4.36928462077546E-7
4.934008538317416E-6 1.3329384993543414E-6
3.1816712678556435E-6 8.595240964526241E-7
4.0459866262500436E-6 1.0930101076445098E-6
2.1299001784097773E-6 5.754364913457266E-7
9.72966817314411E-7 2.629608345516843E-7
1.5293232452326082E-6 4.1311110576813803E-7
4.963035355092716E-6 1.3407727004199899E-6
5.778873710246836E-7 1.56246511173741E-7
8.05214737693392E-7 2.1762113733281296E-7
1.7012369162827508E-7 4.620529081567071E-8
1.3249960498370282E-6 3.5789962249399565E-7
4.0282862716619E-6 1.0882594833061532E-6
3.2661884951528226E-6 8.82399434187775E-7
4.6276069680263337E-7 1.2522229597689005E-7
1.9089814824351798E-8 6.217317216616891E-9
3.170102344134224E-6 8.564219439177734E-7
1.9788362461156573E-6 5.346327562882891E-7
2.554252170689147E-6 6.90048273521704E-7
1.0098732461837316E-6 2.727838404048555E-7
3.4535381897150525E-6 9.329793015933063E-7
3.6787716259314094E-6 9.93842831809033E-7
1.6005705823273564E-6 4.32387308513249E-7
2.4896980284552354E-6 6.72596891404531E-7
7.522152972745657E-7 2.033782696697628E-7
2.219684916029669E-7 5.994286800259374E-8
2.9612887369820535E-6 7.999959866777928E-7
1.8001064018372986E-6 4.863627951490201E-7
1.569868303780137E-6 4.2410981471174836E-7
1.6121866293599266E-6 4.3550969286432206E-7
4.976191196388357E-6 1.3443408559687953E-6
2.2860584765495242E-6 6.175899608384938E-7
4.2436907587493254E-6 1.146443488364568E-6
1.0504307512906046E-7 2.8483990499594825E-8
1.0030772947914367E-6 2.7107087829936205E-7
1.230238946762901E-6 3.323744038885579E-7
3.558425558247054E-6 9.613100910854655E-7
3.946621288218939E-6 1.0661879358275783E-6
2.4985273027426963E-6 6.750371118746656E-7
2.281291030986646E-6 6.163026817773698E-7
1.6784570717003223E-6 4.534793331956166E-7
3.5867362994966675E-6 9.68972190706907E-7
2.057187660485336E-6 5.557532865019255E-7
2.337679505109593E-6 6.315461247297094E-7
3.3295761987164816E-6 8.99494753237029E-7
3.270451030717045E-6 8.835143805452361E-7
4.490174236261676E-6 1.2130214706029818E-6
2.6779839303066094E-6 7.234985616166867E-7
2.717754088728868E-6 7.342129385579099E-7
1.7561650907994458E-6 4.7453022855581395E-7
2.1947675313775567E-7 5.983615369853368E-8
2.2387755083523248E-6 6.047888075899621E-7
3.7591718299067946E-6 1.015531727044383E-6
2.5345746584040843E-6 6.847364415474289E-7
3.49279321105295E-6 9.436098271642379E-7
2.3328335158090957E-6 6.302562305382509E-7
3.8139227941914887E-6 1.03035719845046E-6
1.330027130869676E-6 3.5934146924709864E-7
3.182004008213692E-6 8.596456522180773E-7
1.7733072193587342E-6 4.790460829129373E-7
4.265210799941737E-6 1.1522441337730172E-6
1.854272645374536E-6 5.009674823863719E-7
1.2185433516405402E-6 3.29187126446584E-7
4.32353169812881E-6 1.1680397034030676E-6
3.9665400287683715E-6 1.0716085331319292E-6
4.752340547619817E-6 1.2838469004572417E-6
3.0402068385277373E-6 8.213108322330243E-7
1.6275581149919016E-6 4.396994951472166E-7
3.7912984046103077E-6 1.0242117649550408E-6
4.431243290476689E-6 1.1971191701265482E-6
7.764777708430218E-7 2.0975751680030186E-7
4.293058601327643E-6 1.1597771973903548E-6
2.2623060543833604E-6 6.112147654668831E-7
3.994440987504142E-6 1.0791316289449071E-6
3.2832432519124256E-6 8.869864879246236E-7
1.5961193071202839E-6 4.3123196313832324E-7
3.513312764921255E-6 9.491420548402019E-7
4.818472991445079E-6 1.3017402984427662E-6
2.5528080563844233E-6 6.89610923587658E-7
1.3565365835719432E-6 3.66497736936644E-7
4.6400901829834E-6 1.2535219933162978E-6
4.402889815133764E-6 1.189464537754148E-6
3.471406145955631E-6 9.37802256850695E-7
8.925813791956992E-7 2.4125422293241883E-7
4.835683026383639E-6 1.30637812745249E-6
4.000597748063989E-5 1.0807435948279043E-5
3.373945942741351E-5 9.114595814874171E-6
2.6058005854909528E-5 7.039503794437074E-6
3.5725425425324134E-5 9.651086489537164E-6
1.1929521210879937E-5 3.2227614451540987E-6
4.3545175440831456E-5 1.176351412623955E-5
3.669273218168617E-5 9.912398431621838E-6
4.4936849079435875E-5 1.2139456837201301E-5
2.0124120515208018E-5 5.436495955635223E-6
4.8312263439963435E-5 1.3051289258103616E-5
3.4968434267233665E-5 9.446593905226841E-6
6.056758253701019E-6 1.6362249442014587E-6
2.4353001083476047E-5 6.578909033327918E-6
2.4352080011509472E-5 6.578664733969397E-6
1.5620177769519133E-6 4.2198255478798075E-7
4.82816110582549E-5 1.3043008367685793E-5
6.817962210089349E-7 1.8421489911268907E-7
2.8962191458435753E-5 7.824053309679613E-6
2.6552893253674776E-5 7.1732000437307875E-6
2.9478250550377454E-5 7.963463268367832E-6
3.633596775849749E-5 9.816016860009213E-6
4.230986499843935E-5 1.14298075510888E-5
7.934955843756256E-7 2.1433742736221006E-7
3.5490719899896925E-5 9.587680825373646E-6
4.244048718447681E-6 1.1465349837314065E-6
2.2055352363685025E-5 5.95821625437587E-6
8.850548196353929E-6 2.3909833869462105E-6
1.549391414642747E-5 4.185660956945725E-6
2.406182635578192E-6 6.500440706824762E-7
1.739009605071401E-5 4.697917497242798E-6
1.2684869079086046E-5 3.426820161966937E-6
3.5542827200975096E-5 9.601760143418403E-6
3.448719591572035E-5 9.316588653107694E-6
4.644033689459834E-5 1.2545607150471483E-5
4.153508507145128E-6 1.1220847020432245E-6
4.364774782849865E-5 1.1791222547574698E-5
7.105689952350483E-6 1.9196125418119436E-6
1.8574534467696123E-5 5.017881881341779E-6
2.614654100270407E-5 7.0634246966960745E-6
4.6199949381575494E-5 1.248067042625145E-5
2.6175419135006744E-5 7.071225553989535E-6
3.105336213774783E-5 8.388966538541709E-6
1.6711843293200064E-5 4.514690559176415E-6
4.7379038890443866E-5 1.2799187645406995E-5
3.9352481695796266E-5 1.0630900616148686E-5
3.7673967395082054E-5 1.017746758325E-5
1.7874704848021934E-5 4.828828761405113E-6
2.9225551212568325E-7 7.947113800366168E-8
4.415162682165556E-5 1.1927341012851755E-5
2.5585546262759866E-5 6.9118760287478764E-6
1.1025138017582279E-5 2.9784455706227675E-6
1.1027681004558243E-5 2.9791267392997867E-6
1.1617214006340253E-5 3.138386860279674E-6
4.529119564150756E-5 1.2235180594122319E-5
4.372426222240502E-5 1.1811893096624893E-5
2.454743108173759E-5 6.631439204873857E-6
1.3569175887162372E-5 3.6657017589147856E-6
1.8001380220545816E-5 4.863047481928895E-6
4.857216457650648E-5 1.3121494139123335E-5
4.403578528893727E-6 1.1896562871482885E-6
3.739155573838591E-5 1.0101175621390901E-5
4.396725412161098E-5 1.1877535664339689E-5
2.3383135624311857E-5 6.3169037406440864E-6
4.662864768449389E-5 1.2596480176596536E-5
2.6090987484348177E-5 7.048415871180325E-6
5.1974603275718035E-6 1.4041248562746134E-6
4.333022398989805E-5 1.170544752204794E-5
4.1834209043504105E-5 1.1301315804845835E-5
4.292472693045893E-5 1.1595906434846981E-5
4.604992372645711E-5 1.244014326817755E-5
9.94953145243184E-6 2.6878702975574598E-6
1.8545216470128108E-5 5.009961859259171E-6
2.9282641138067535E-5 7.910621988349575E-6
2.5590544355493174E-5 6.913227182048232E-6
8.935726303659327E-6 2.4139830528957518E-6
1.5104378841835347E-5 4.0804415816220185E-6
1.7047828892143796E-6 4.6059811231735637E-7
1.6323590628257134E-5 4.409805433147618E-6
4.851372464448132E-5 1.3105708891569812E-5
3.709998849065136E-5 1.0022413905907968E-5
1.892599706837026E-5 5.112835338105803E-6
2.4923979775640582E-5 6.733153970039929E-6
3.2837559822305975E-5 8.870953135953208E-6
1.2202280795546377E-5 3.296446968836797E-6
4.2661215424046606E-5 1.1524723506739498E-5
3.1939522623629845E-5 8.628355150253064E-6
4.034591119698959E-5 1.0899268926944927E-5
4.537553339814139E-6 1.22582054351561E-6
1.6479916100813697E-5 4.45203580246023E-6
3.908159620747705E-5 1.0557724077542296E-5
2.5294835504514338E-5 6.833342627299288E-6
4.628586063423917E-5 1.2503880628234043E-5
4.556543252449266E-5 1.2309263017318273E-5
2.4685624855332693E-5 6.6687672781728935E-6
4.179172268738672E-5 1.1289836651995344E-5
3.50573144906472E-5 9.470605484951378E-6
2.6414631098668382E-5 7.1358472204519074E-6
4.019808948635811E-5 1.0859335797031022E-5
3.570538896205229E-6 9.645799451396542E-7
3.1783600685854685E-5 8.586236117769097E-6
4.960566603795656E-4 1.339757655806073E-4
3.3134735948540445E-4 8.94984731563131E-5
3.9476919619931184E-4 1.0662549624351758E-4
2.5355489375208034E-4 6.848913064827489E-5
3.0646347879882316E-4 8.277828992042657E-5
4.854989027185221E-5 1.3115477994651847E-5
3.417267953152395E-4 9.23015095209978E-5
7.043761764413495E-5 1.902810867160376E-5
1.3612895834563804E-4 3.677279704483727E-5
4.7105198235484055E-5 1.2725216257503114E-5
5.9228729904792466E-5 1.600021956882358E-5
1.9860101808435313E-4 5.3646762607439946E-5
3.979861651503033E-4 1.0749420643618723E-4
2.56512519180331E-4 6.928792435434428E-5
1.849447725439329E-4 4.995824664377757E-5
1.5446146429786477E-4 4.172459694629094E-5
2.891432250780896E-4 7.810064980273701E-5
2.100347100745804E-6 5.673992587995613E-7
2.1743631850924326E-5 5.874005609141086E-6
1.382303752450885E-4 3.734041572189817E-5
3.35170580471654E-4 9.053096311251174E-5
4.993755865653457E-4 1.3487191409178312E-4
1.9705170548122672E-4 5.322829982323807E-5
1.9390449265619623E-4 5.237824914261502E-5
4.829097896045118E-4 1.304259284587994E-4
1.5822015626057163E-4 4.273984741642867E-5
6.54127319745916E-5 1.76707253906061E-5
4.993320770334614E-4 1.3486016581343296E-4
3.456399013750165E-4 9.335826259138091E-5
4.200336104115527E-4 1.1344781953948058E-4
4.1242988188394675E-4 1.1139455122943787E-4
3.4075260007801716E-4 9.203842277571983E-5
7.016017022139634E-5 1.8953160246804046E-5
1.799596692313111E-6 4.861784822507431E-7
1.105573769015255E-4 2.9865489450831006E-5
2.6614901313917267E-4 7.189052832501375E-5
2.3919530344852273E-4 6.461086322351317E-5
2.7505759737845177E-4 7.429651629842215E-5
2.976185924882839E-4 8.038958314593447E-5
3.048177734648914E-4 8.233384156708379E-5
2.4450259075694934E-4 6.604427243661615E-5
6.489053737143265E-5 1.75296643776246E-5
3.9746302905487854E-4 1.0735293885633101E-4
4.86753774850026E-4 1.3146386277174127E-4
1.661572315045542E-4 4.488369599664477E-5
4.1429257191321527E-4 1.1189754314222533E-4
3.788342624377025E-4 1.023223845709742E-4
1.947629588131521E-4 5.261011782053959E-5
3.717155270117308E-4 1.0039999913680209E-4
3.2266026945833613E-4 8.715244239099196E-5
5.330677204923669E-5 1.4400488319687987E-5
1.3465764201442887E-4 3.6375374825481366E-5
3.05302683185242E-4 8.246479883944335E-5
1.336546302894127E-4 3.610444752699671E-5
4.460590626265963E-4 1.2047546355753447E-4
4.144552815061785E-4 1.1194148030002626E-4
2.7114505276122614E-4 7.32398375806742E-5
1.1730969225493187E-4 3.1689418811153836E-5
3.342860898884833E-4 9.029209989386278E-5
3.821932235961576E-4 1.032294529434985E-4
4.2866401547031165E-4 1.1577830589293292E-4
3.6401805449527485E-4 9.83213123164628E-5
4.37213905851233E-4 1.1808703028826084E-4
4.8378831292364346E-4 1.3066314344911678E-4
2.069715628519994E-4 5.590759923235211E-5
3.839020022596882E-4 1.0369089830553069E-4
4.589648034386289E-4 1.2396032599570894E-4
4.6731145578007637E-4 1.262140994835459E-4
4.1545502391360234E-4 1.1221144518203108E-4
2.840831568682358E-4 7.673407386821207E-5
2.3093117572862447E-4 6.237884424209472E-5
2.781139317955558E-4 7.512195138204003E-5
4.741115272915324E-4 1.280502487831514E-4
7.849235598357266E-5 2.1203936574898385E-5
7.385161737570059E-5 1.995033581358996E-5
4.6043346973505457E-4 1.24356898869471E-4
4.1238974827401077E-4 1.113837135325868E-4
7.011541647643391E-5 1.8941071344369398E-5
2.0144296288969777E-4 5.4414357105958544E-5
3.054244199985312E-4 8.24976757485274E-5
8.851986503927288E-5 2.391264559897799E-5
3.339491876681687E-4 9.02011169047201E-5
1.7226933837098507E-5 4.65383067049796E-6
3.629980888721261E-4 9.8045871762098E-5
4.626597804442194E-4 1.2495805099932422E-4
1.2044662657268235E-4 3.2536761528589864E-5
1.4100443254760237E-5 3.8092240084441897E-6
2.6542539710146614E-4 7.169509653059958E-5
2.1665855042080442E-4 5.852397430883283E-5
4.938578276569927E-4 1.3338205382973367E-4
1.7223365047211824E-4 4.652495952417457E-5
9.434544907768321E-5 2.548628322640578E-5
5.083565127754011E-5 1.3732949952882656E-5
2.176286550997808E-4 5.8785990383558584E-5
2.650399605560875E-4 7.15909991284569E-5
2.5964034884205225E-4 7.013268479127976E-5
1.0389714890607565E-4 2.8066420793781965E-5
2.9989694982440534E-4 8.100489308515701E-5
3.2524747618547194E-4 8.785114412579453E-5
4.857744588039566E-5 1.3122924849673367E-5
0.0013595787477584899 3.670324729466712E-4
0.002161303177805558 5.832232006038884E-4
0.0019351143673975394 5.222480429017962E-4
0.001466871787526604 3.959752663182936E-4
0.0038661083929424963 0.0010423361248198537
0.0013307867635236903 3.592651522210666E-4
7.054235188434679E-4 1.9050118004582117E-4
2.803561006506323E-4 7.572750023643327E-5
0.003700833715252609 9.97862533587246E-4
0.004684681930142076 0.0012624920586906674
0.003203847878955372 8.640828924142419E-4
0.0016186752694115922 4.3691943718526804E-4
0.0029774157061733717 8.031084181425729E-4
0.0033424267826963365 9.013928159025131E-4
0.004272667591172809 0.001151704050215474
0.004850370523621613 0.0013070312031373543
0.00324552779062007 8.753050401442142E-4
0.003276618222329947 8.836756954549996E-4
0.00491349980522884 0.0013239991047788724
4.5209482685584464E-4 1.2210527211720112E-4
0.004005880039374321 0.0010799411411479554
0.0025419517082412206 6.858046185267419E-4
0.004597463660796533 0.0012390436079816602
0.001285090824515744 3.469371110403907E-4
0.0017124435987929407 4.6220723584988743E-4
0.0018890407651206333 5.098259276463679E-4
0.004283262083413836 0.0011545534388265333
4.7104297012483774E-4 1.2722168151968472E-4
0.0011058976441513145 2.9858797202053644E-4
0.003088832426859361 8.331129154685035E-4
0.0031712876779704116 8.553158503987746E-4
7.716310938166835E-4 2.0837351523750325E-4
0.003910801302416038 0.00105436117485469
0.0015833712936116108 4.273978874744788E-4
1.7596059147027783E-4 4.753161406889639E-5
0.0030567764368675597 8.244806020217821E-4
0.0038987182146202233 0.001051110161154778
0.004399952578642697 0.0011859352591173655
0.002333858556429139 6.297303931028786E-4
0.0036584853667561037 9.864658251704794E-4
0.0020704977523089115 5.587459297349273E-4
6.182489472213662E-4 1.6696705447061255E-4
0.001881800364387021 5.078737557866475E-4
0.0021503620987145156 5.802740748311885E-4
0.0012431440687082048 3.35620024372818E-4
6.377825215003743E-5 1.722919749613805E-5
0.001536895022214 4.148626150323187E-4
0.002367271288409283 6.38734839317534E-4
6.401803652107854E-4 1.7288798105519199E-4
0.001316123365733557 3.55309263388226E-4
0.003589672643379916 9.679459990306061E-4
2.8530116456584664E-4 7.706302263377207E-5
0.003179142328566872 8.574307925133251E-4
0.00256660182455693 6.92446204419106E-4
0.0027817613774979467 7.50410314501071E-4
0.0027190864078531973 7.335269829231716E-4
0.0010258114948117052 2.7697655527225695E-4
0.0033376237132919182 9.000997645086661E-4
5.811791561539461E-4 1.5695884410160676E-4
6.6171826380839E-4 1.787025362061101E-4
0.0036420256518962975 9.820360815022688E-4
0.0015847632937722861 4.277733192068478E-4
0.004391159076968304 0.0011835705375549121
4.918817567882386E-4 1.3284848916050862E-4
0.0019923798257577463 5.376868150673841E-4
0.004242610488324935 0.0011436200209370417
0.0044325292685041635 0.0011946954934233256
2.0352208583280973E-4 5.497591684555658E-5
0.0027948585747215923 7.539382873207323E-4
0.004846757757953454 0.001306060129319886
0.0035250193193202507 9.505443953017334E-4
0.0012752609629298394 3.442850934349817E-4
0.0027014154134503325 7.287665856429149E-4
0.004466814760831589 0.0012039149215783418
7.59467752319181E-4 2.0509018708780857E-4
0.004789942855238068 0.0012907883921491337
0.004076744682144989 0.0010990048995170865
0.0018191344382222081 4.9097702406109E-4
0.004100754557249692 0.001105463632061987
0.002939108175213707 7.927914033054595E-4
0.0016069632974526438 4.337607348016137E-4
9.297299885877246E-5 2.511555146256228E-5
0.0042903880279510625 0.0011564699437595083
0.004102853803382052 0.0011060283282066097
0.0023146517048680364 6.245541684731792E-4
0.0017200930315398185 4.6427005491611606E-4
0.0030280226756354274 8.167372956275898E-4
0.0012824543549725565 3.4622581539578423E-4
6.826739877038287E-4 1.843597972313038E-4
0.003045362088348792 8.214067781170398E-4
0.002302788290739179 6.213569401966046E-4
0.004781283219517279 0.001288460618924736
4.964304658120469E-4 1.340766973612073E-4
0.003614684018889469 9.746775581813694E-4
0.003918163417679883 0.0010563419677829256
6.789859179332128E-4 1.8336416556874457E-4
7.02664969043029E-4 1.8975649933306027E-4
0.00458664185137077 0.001236134037824188
0.0037082250443757825 9.998516226225052E-4
0.0018245213736969254 4.924295569441739E-4
0.04052683545285555 0.01071654975187808
0.025955197960583494 0.006916956922975226
0.036784598028699295 0.009746527261657922
0.027856027107416338 0.007416031069973017
0.045488105174155455 0.011996384517236058
0.042459104492253485 0.011215845160573612
0.023209229037640663 0.006194174942865782
0.044352310181055815 0.011704010736630743
0.027451406693611288 0.007309881534756868
0.023029019483161654 0.006146666169864257
0.03651383334216082 0.009676187449536355
0.026304318028092452 0.007008697436654554
0.01767117065254102 0.004729969186379801
0.025568804597242513 0.0068153815196972944
0.0409519403521646 0.01082648781420481
0.03743966019770319 0.00991661413919187
0.015091968016690379 0.004045092247746962
0.002882710519945482 7.776015915925694E-4
0.032089784580935414 0.008523937786244495
0.026467029223481625 0.007051442273546815
0.03845837572358553 0.010180880246638657
0.022350794132592323 0.005967782599770932
0.04366826059391056 0.011527746014434181
0.01106505229431625 0.0029720352705197017
0.028482686394184633 0.007580339227355348
0.039748860751506146 0.01051522087766299
0.04962541758634983 0.01305827597491993
0.01468891905629952 0.003937897489497022
0.00937984412194024 0.0025216182031360113
0.036729836572961985 0.009732302904590484
0.02383592865148067 0.006359320501103549
0.01915407070852385 0.005122884105311698
0.04627626276164728 0.012199053083479794
0.012196381584443106 0.0032739641490207028
0.019977536224256402 0.005340803949500428
0.005575385471290631 0.0015018334080773021
0.020008943416895904 0.0053491116692413465
0.018819901162199847 0.005034395564628147
0.016600445892739464 0.00444587910944183
0.011171922906205427 0.0030005723116872662
0.03365356961479066 0.008931865147455476
0.007299072267702187 0.001964372288645877
0.037954171476454655 0.010050121103404863
0.029691451078268774 0.007896958280886879
0.015755040586290764 0.004221342933348082
0.032601323202210666 0.008657453882967125
0.009417356433504769 0.0025316530838589424
0.028765597194243438 0.007654481004765623
0.04368115224094873 0.011531069150288231
0.03839364610898605 0.010164097481990542
0.03747961400109506 0.009926984180750553
0.04837561608567183 0.012738016673282893
0.026779902499921984 0.007133614118049358
0.018144481386232147 0.004855447024765036
0.018140423115978157 0.004854371419563908
0.030790421495796135 0.008184457591898009
0.013093178160559838 0.0035130444378637105
0.003966315825295965 0.0010692971007552066
0.02431865541237754 0.006486450911162289
0.013832637559570893 0.0037100088856388824
0.01526432523578958 0.0040909183039834485
0.007169038404569459 0.0019295077982631748
0.0024073144592490618 6.495257192701276E-4
0.04613509154191842 0.012162765091987326
0.04097438526751904 0.010832290946920176
0.027706961997043682 0.0073769302198111175
0.02046158806990163 0.00546881261260479
0.0051693100606160745 0.0013927443694939923
0.010751542811154724 0.0028883020665824155
0.01322782401965505 0.003548920574712122
0.005674321172923722 0.001528404698500463
0.016259207117299803 0.004355271806965488
0.0013205890292680828 3.5651401566316743E-4
0.032269984777358526 0.00857098012991242
0.036771541666496314 0.009743135932819391
0.033537296820633125 0.008901558318058278
0.01579397950770303 0.00423168938871421
0.030304401995604947 0.008057353442499138
0.017751691046651794 0.004751320154272931
0.0018574162789146151 5.012991599743222E-4
0.0029533227048017152 7.966197199014147E-4
0.01178087064913858 0.0031631146404536015
0.0029957052872997287 8.080340373960437E-4
0.02204707496295335 0.005887633664697911
0.026629910156368633 0.007094224170298258
0.03611340939236473 0.009572126145810156
0.02019113768697585 0.0053972995445216165
0.04056418569625697 0.01072621111621419
0.02276515939305811 0.006077087934423742
0.030627552402258614 0.008141871443937632
0.04674200689592347 0.01231873187805077
0.028617073357984614 0.007615560544502742
0.02611659367869707 0.00695937221009757
0.008892707001912973 0.002391268640532851
0.03737708024930923 0.009900370547914705
0.005113307090239197 0.0013776959634268504
7.722902424010528E-4 2.0855144226528122E-4
0.0385756250433923 0.010211277006338393
0.025522811958987115 0.006803288114418549
0.04242203942348626 0.011206277647405116
0.18646429721670357 0.04536005613262095
0.28976420868447844 0.06600783442696045
0.28673183420041215 0.06544871171187994
0.2386615680183964 0.05620368880465254
0.4795091322159779 0.09519907285759643
0.047464723415331665 0.012504319852821633
0.28467191930703667 0.06506725898138688
0.4710472426439778 0.09414335443037736
0.39272721936794786 0.08327459831669981
0.48937922238192083 0.09640111830812703
0.19475758149336536 0.047138397230542806
0.38122806919178026 0.08151299716502347
0.3033399970494759 0.06847576633596009
0.3549737603489763 0.07733304598610102
0.2680334628801386 0.061937728284831794
0.06414926559503545 0.016747047840450335
0.31771587682090996 0.07102618662425397
0.28591825508213303 0.06529821217684928
0.31525584566518533 0.07059435610352527
0.3313002697331736 0.07337646992191016
0.05344995879669043 0.014035521709624188
0.03742656814358255 0.00991321598698669
0.1471271952472423 0.03664241504114141
0.40439972296325416 0.0850195110624894
0.028665950900838358 0.007628369527487355
0.4364404891219163 0.08958452946242867
0.3532971869618985 0.07705867722684923
0.42200253397316084 0.08756832900238898
0.48845030326020106 0.09628933726090949
0.2975492544208525 0.06743012297608464
0.4465738748192176 0.09095949289887317
0.23090687525331405 0.054645406758273896
0.22342678083773249 0.05312481014411774
0.3927901564988602 0.08328412365044513
0.10044849249857657 0.025699120960234745
0.3585558103251908 0.0779162548222897
0.23870179190323 0.056211723464250074
0.15985497218362824 0.03951392786231167
0.23782276402331837 0.05603602554008846
0.4400692223587252 0.09008070683411973
0.01275897245167474 0.003423973840829597
0.12473045786167299 0.031472219807285984
0.08673766483746247 0.022362866142748405
0.20410840093037674 0.04911846739053338
0.04535366634362639 0.011961796855370355
0.009430336266264777 0.0025351252135484836
0.0049376934185456104 0.0013305015722717695
0.40546697798625586 0.085176876745926
0.43105611646992514 0.08884047233107728
0.19323011038433613 0.04681242593580626
0.38926497104105734 0.08274864709429508
0.3290982367574897 0.07299943767039085
0.31081441177987806 0.06980989674549398
0.09669470702681737 0.0247911790139409
0.3281626369847489 0.07283878128620869
0.18023032724192886 0.0440095888472406
0.24775611298236136 0.05800762800295034
0.16179310601385619 0.03994693370627622
0.3259768546462246 0.07246237454427695
0.31828729599293415 0.07112622043190553
0.3454201269643535 0.07575768087306078
0.40852302055968986 0.0856254671887926
0.42628256470993986 0.08817301500682562
0.3885251284964349 0.08263576056394728
0.27670791332888955 0.06358005388653398
0.05872227089461627 0.01537580634151503
0.3881175454814336 0.08257349608737008
0.45460873091233656 0.09202614856866087
0.3200660000243325 0.071436946538178
0.43112284657003286 0.08884975080668134
0.22379496048333064 0.053200057182444804
0.23779664055407457 0.056030800407657955
0.005759157298956378 0.0015511870550568574
0.22820730804193554 0.05409860226446761
0.3898745417193848 0.08284152507914944
0.02396735969498455 0.006393940591068348
0.059566532855052895 0.015589684332924736
0.4550560514400217 0.09208491882603942
0.233907849649663 0.05525063584375123
0.2084119325177975 0.050020816217429154
0.49383040890336855 0.09693285780651006
0.03312799229893267 0.008794841302932177
0.43873303459153257 0.08989849616482337
0.31013422620849046 0.0696892133273076
0.43651016612223736 0.0895940967737241
0.19779605682739634 0.04778472001881251
0.17337980246343374 0.04251202219685257
0.10234170266076537 0.026155471815605846
0.10774153937906562 0.02745130092774417
0.4974629202525356 0.09736202411092365
0.4550553985855213 0.09208483309928117
0.27387567188336553 0.06304639964603098
0.2503738991695529 0.05852214871848738
0.14421095584239566 0.035977665403144066
0.3502176274134287 0.07655238964302502
0.25752183214617136 0.05991627758652185
0.2960560314675713 0.06715878724609503
0.10119478589124026 0.025879137566442223
0.09440102244301413 0.0242343662830935
0.035457715837141544 0.009401627167896498
