1.1645855038484785E-15 0.031148713224680713
7.955877426540258E-16 0.004185819311357419
6.997591381903739E-16 0.048181577043768575
3.609425874291375E-15 0.010978194295491073
1.455132031094631E-15 0.03594525717976904
1.6751492322302247E-15 0.02011788395883818
7.518907071726477E-16 0.10318348235959907
2.9840101971731095E-16 0.09735621892879731
2.006691580627316E-15 0.016082664583025652
3.4729902225411604E-15 0.005663854835838311
1.054849070317797E-15 0.05314948506375561
2.2787263951016673E-15 0.013210450362049153
1.8377945362414677E-15 0.004277657830900727
1.518826376524751E-16 0.11049669980405419
2.491368592982855E-15 0.01705961455078009
4.9716470921272305E-15 0.015220626527648107
3.3832340959814936E-15 0.004677362942708485
1.646552037759789E-15 0.03234524872560407
2.4397535326006697E-15 3.815089426337792E-4
4.716882173779674E-15 0.005899606890453546
3.947919482556656E-16 0.14278935873680842
3.9837179249665755E-15 0.008534032837809069
1.870438821176666E-15 0.010482974466331951
7.945138551909353E-16 0.0030541209320480434
3.46356098778118E-15 0.00797010360828343
9.614542373423528E-16 0.033157820173227215
3.0290080746113805E-15 0.0015485429513597548
3.5545464599992083E-16 0.09554562514695308
1.902423642020056E-15 0.03390424716169149
6.39365131221008E-16 0.026752015174087207
2.940806776525996E-15 0.02979592951444776
2.9031010348379885E-15 0.019253819680091988
4.540715624069011E-15 0.010157465917473574
2.80610887665979E-15 0.009165825045822418
1.5513901113341955E-15 0.018495210377492577
4.274446624546317E-15 0.010319261354669318
1.5778357868466553E-15 0.03228888299325827
3.53709535427814E-15 0.009689333318578797
1.773967859741765E-16 0.09729153436207094
2.905841118869967E-15 0.020029135340110416
1.853720713051621E-17 0.8414709848078965
4.932719290978695E-15 0.008700062970572464
1.0840407428618787E-15 0.029058630564338328
3.5367460057884685E-15 0.009607172580089585
1.3698618407488016E-15 0.00951569222750015
2.1362788618545464E-15 0.016033165676103023
2.4282661750813495E-15 0.004364046225194929
4.042524342770271E-16 0.11975528291698523
2.218157038713684E-15 0.015619632239182946
7.707736508775159E-16 0.12127055802813957
4.510709885481048E-15 0.004627476898947824
3.411789479477658E-15 0.004589383625896781
1.0243392824802589E-15 0.025603464928675268
1.0050587263018911E-15 0.04223699807602266
3.2649707051247455E-15 0.00863084220278254
1.7173662063439837E-15 0.0010620337751099385
2.9765481632874036E-15 0.020892744448509082
4.562375323366004E-15 0.010230225806494242
1.7928163964614274E-16 0.08742197948264097
4.6798547249994246E-15 7.115120899725547E-4
4.021556680277192E-15 5.363507379324561E-4
3.1180659024716126E-15 0.004726608814749622
4.3935386236902056E-15 0.0050555740892727075
1.2623460187991265E-16 0.03802085664561794
2.597852543027057E-16 0.20042823532325416
6.98319169113994E-16 0.046545774582195776
2.54373512533485E-15 0.012208643073271519
4.458385349015149E-15 0.007257061752579896
4.733489163673066E-15 0.0028961934934365052
3.888082951231765E-15 0.015164307096124374
3.620774899711798E-17 0.8414709848078965
3.204924765874981E-15 0.010083213253475276
2.6366909384980986E-16 0.2098707799365831
1.8838180074388943E-15 0.01638478840384361
3.8256977475377705E-15 0.014396858991725492
4.241756935870854E-15 0.003913875215733831
4.398477328644943E-15 0.004105075860370788
3.685559681023126E-15 0.0019896393563748616
1.444083901127321E-15 0.04265803104930743
4.05440745579336E-15 0.007405556058793672
7.243738145265027E-16 0.07513804844211291
2.012786330548306E-15 0.01348597811037544
3.980747500732581E-15 0.009168304542549688
9.588775790048521E-17 0.8414709848078965
4.761006264103802E-15 0.001983979973444794
2.8498915235545445E-15 0.0039024376489815715
1.950875882711102E-15 0.040617775127748335
4.505742935873026E-15 0.0037049743077567365
2.411772110727612E-15 0.010148696181320527
8.795875475968074E-16 0.02103535224577513
2.5046194497032236E-15 7.422891638225737E-4
1.1991034483244483E-15 0.00818114350282717
4.4742409593331835E-15 0.010213310869707226
4.4463626866788114E-15 0.005001404034145507
4.227862528273121E-15 0.001161335418323195
4.6089744120219535E-15 0.013663234887253406
2.0280951353078996E-15 0.0070324498733068674
4.1071509087307515E-15 0.003495596803080203
1.8644735543479353E-15 0.007824280165410591
4.1706594446409846E-15 0.010364012980162651
4.61297451961845E-14 3.153585275533777E-4
1.2726627026277616E-14 0.004003129861346655
2.6502504148055647E-14 5.431384727074828E-4
3.9741318559460027E-14 8.066598647787915E-4
9.84582549598445E-15 0.007041166243993091
2.920364054403985E-14 0.0024974618489589373
3.590379385618567E-14 3.8810674871336825E-4
1.8783283817957004E-14 8.0336158640959E-4
8.946448908774009E-15 0.00238523618354769
4.868881655650456E-14 6.155023836229567E-5
4.935075405838463E-14 9.90156611300197E-5
1.7807548227173767E-14 0.00292210145169014
7.787802250398164E-15 0.007499540075191824
4.64364774992027E-14 0.0010898573581606952
4.3121752355111344E-14 8.562190743631737E-4
1.6664592605119696E-14 0.0012931675658934827
1.456077079328114E-14 0.004876763418847796
5.348915523931469E-15 8.513807751496794E-4
3.4608067333331956E-14 6.261515537637763E-4
3.522338861305403E-14 9.923102607345413E-5
1.945140803641771E-14 0.0032648170265502374
1.0516193092788607E-14 0.0031107111189178083
2.7685593890427243E-15 6.523089672725302E-4
4.1959135956636634E-14 0.0012680880570747899
2.836060082111769E-15 1.8237719235747463E-4
3.6090175916958734E-14 0.0014207468568114834
2.928809360119404E-14 0.001959203386484365
3.802112967438504E-14 0.001966419022279564
4.801583535198606E-14 9.856189013095484E-4
2.9517500389332264E-14 8.346073001338494E-4
1.3164754346484898E-15 0.04402535274258379
3.372852583142222E-15 0.0021017437850158194
2.6442380034305768E-14 3.583669696207714E-4
3.511909218583052E-14 0.002143443314932103
2.2768191176233272E-14 0.0021119848425171783
7.4655405667654E-15 0.006193184151973785
1.4646705728737432E-14 0.003701093735500427
6.2792436037934065E-15 0.007209342705016386
2.0079239277284033E-14 0.0010312778418173352
4.80881052015513E-14 0.0012143368319121883
1.1550504430202392E-15 0.02445941909323157
3.3095130427423076E-14 0.0011332551274138014
4.5896771161296763E-17 0.8414709848078965
3.853043485623671E-14 0.001343885863863803
4.8560544687020565E-14 1.252468321453204E-4
1.0238053833900158E-14 0.0010545755529740575
2.1911219016988268E-14 3.6295724956525444E-4
1.500373859127802E-14 0.0020882656901287655
4.0616701065491096E-14 4.208542983470398E-4
3.799057916050821E-14 0.001291322815445195
3.3218655139540986E-14 7.551710382350807E-4
3.3380741696112545E-14 8.479908324199315E-6
1.6728540133706035E-14 0.0013899163851484042
3.794914104523946E-14 3.738985807675288E-4
3.9118113429381623E-14 3.46450472255011E-5
1.675016966284536E-14 3.0152833955188196E-4
2.6539381435180057E-14 0.0014647859762098037
2.3719551807660228E-14 0.003381639600137709
2.7788378741296407E-14 4.649338277068482E-4
3.024123934583312E-15 0.0029100696311649132
2.544615285241743E-14 5.936093780921636E-4
4.6083281575659224E-14 5.32739404839333E-4
1.0430761201799873E-14 0.0047062859599342755
2.489355357832541E-14 7.832963934243375E-4
2.782329654393687E-14 4.747487825982333E-4
3.1575221850186395E-14 0.001118051915214302
2.892396534913777E-15 0.016210867762692427
3.279621708799234E-14 0.0014479786504800751
3.8495122590115946E-14 6.74984286338498E-4
3.1890695525078173E-15 0.005949772357374372
2.7393622456785362E-14 0.002530583771295891
4.52431118725667E-14 0.0014454132349644988
4.4568740303445135E-14 4.989245240392126E-4
1.2014350947100384E-14 0.0051779201973113365
4.706236385216796E-14 4.7092471287901727E-4
2.984355138001332E-14 7.184873242227496E-4
1.9124452918310062E-14 0.002611814594773776
1.9009479195817294E-14 4.5838315177315625E-4
1.3019500886612252E-14 0.0027401750139931513
3.267565804648131E-14 5.385751105926317E-4
1.545776684398803E-14 0.002449140977880404
4.6828162299783764E-14 0.0013643217060762547
3.612679420441334E-15 0.011726128531186486
3.326821029252794E-14 0.0011692151093639636
1.5576926940987903E-14 0.004006664100345225
2.2641822419704375E-14 5.349276576860351E-4
1.8062057872451238E-14 6.288215803584851E-4
7.391412914341316E-15 3.261306437146727E-4
3.9482183108202255E-14 7.109050941248585E-4
4.238636317161188E-15 0.0032972390641431426
2.259992291811619E-15 0.030907162414026468
3.009830459224008E-14 0.0013869919575236755
2.238771057798249E-14 0.0015715117834860237
2.3330141627044026E-14 0.0015516779349706855
3.2757688029437434E-14 0.0024394061917321075
4.701514629394444E-14 3.736960622057195E-4
2.5494418816604822E-14 0.0011767994398762527
4.195928049050537E-14 0.001265185139362357
1.607533915603987E-14 0.001106628575635149
3.2748302985367345E-14 7.089146937149238E-4
1.2181623435544993E-13 1.992315358593233E-4
1.791232272767396E-15 0.0047279749645320335
2.4388320589763025E-13 2.1086525358604558E-4
4.1456720557792193E-13 3.4253576492337956E-5
4.555782783276768E-13 9.016851298282447E-6
3.5759434513949064E-13 9.738994287233904E-5
3.537049218893209E-13 1.0502314368521226E-4
3.613330544249823E-13 1.0739480852917094E-4
4.5195624679610313E-13 1.2541512122765663E-4
2.9578572144933283E-13 1.3053824967013128E-4
2.351670153642607E-13 4.692038345133209E-5
9.94509610346916E-14 2.5859915797243893E-4
3.057299898413747E-13 1.0228083861352211E-4
2.3571191244555664E-13 2.2111484930698033E-4
1.2620076912186264E-13 4.5137856701782386E-4
3.5101298483309993E-13 2.1633597568126994E-5
2.6253076414665637E-13 8.51757378693696E-5
2.1627524280570484E-13 1.4668037635512388E-4
4.4245731703099073E-13 1.2161209607997048E-4
4.214986569319916E-13 8.865134764801663E-5
9.156621798207795E-14 9.148696388794342E-6
1.7677967343406356E-13 2.29617745363897E-4
4.502100929628871E-13 5.52561077333813E-5
4.5347475855532814E-13 4.8472453367809365E-6
4.1416362158557937E-13 1.5253451854424505E-4
4.934705544562423E-13 3.5953963259172106E-5
3.635340271423253E-13 1.0148306251389627E-4
3.780436766248297E-13 5.719666213777064E-5
3.249484837512196E-14 9.84330108239173E-4
2.381275972304087E-16 0.14212552619379804
2.3790831326610105E-13 8.293664826164449E-5
3.347466874073246E-13 1.1790343652584578E-4
1.9044401681996096E-13 3.9797629265314605E-5
1.6970851439415166E-13 1.7742050741664794E-4
2.9654919019373166E-13 1.368974213185048E-4
3.1744455006077224E-13 2.2631880900458867E-6
6.430161406371039E-14 2.3996193211295314E-4
2.818250072259473E-13 2.1090912333610046E-4
4.1806502087374715E-13 9.589818172894837E-5
2.4363963333361606E-13 1.7448084374471762E-4
2.2481644645961232E-13 2.440565550865248E-5
2.610259294693607E-13 2.581760458663096E-4
4.344354454305087E-13 7.278390271625579E-5
3.7769736939805075E-14 6.818135079630361E-4
3.341094205893802E-13 6.164989105406082E-5
4.2025484794623294E-13 6.968086835235088E-5
1.3685199369266378E-13 1.962284299737993E-4
1.651955998393593E-13 2.913500819077264E-4
4.410508914865813E-13 3.634302273269885E-5
1.1029230728998081E-13 6.227475693054707E-5
4.636175363604623E-13 2.5162891642671603E-5
3.529201642234431E-13 3.5648117731823525E-5
4.169258544528575E-13 1.2797401852671086E-6
2.3627750123424304E-13 1.4910049500760358E-4
2.4908704129034857E-13 2.6537013986593916E-4
4.855193275380441E-13 2.3987459801033673E-5
3.2955901282227873E-13 1.0968193962801465E-4
2.697920068554548E-13 1.3732177530711986E-4
1.4554242358257148E-13 8.332200949501267E-5
3.703301073991023E-13 1.9732121400883873E-4
3.8854441337140883E-13 1.7331800375075535E-4
2.545066369922104E-13 2.099755497586564E-4
3.909292690468542E-13 8.812799703550311E-6
2.2463367041699097E-13 2.1486194289899174E-4
6.821859086741656E-15 0.004802685557268593
3.761465687141948E-13 1.2588294718629545E-4
4.845435556458957E-13 1.2969301999010696E-7
3.4938711107652616E-13 3.451620173333669E-5
1.4565169974789684E-14 0.004621137334823944
4.4340848146764327E-13 5.6210353454155815E-5
5.004137711273471E-14 6.177737042114551E-4
1.899916620669279E-14 1.870812226689722E-6
1.3019484382693943E-13 1.8302628458632952E-4
1.0546765712387197E-13 1.3613190779704354E-4
2.1055512273651684E-13 7.393904516928007E-5
1.347114824429235E-13 1.5091378352760643E-5
4.403004110811869E-13 8.383808851630814E-5
3.138416784106812E-13 2.473570448958684E-4
1.7423460383532374E-13 2.7031298618573896E-4
1.6033863333520567E-13 1.702705535912008E-4
3.6535545333045757E-13 4.176097570374182E-5
4.2163141363361276E-13 4.466777532208255E-5
4.301916355652222E-13 1.4196744505734493E-4
2.834360866812228E-13 9.644961084986914E-5
3.9133085616183796E-13 3.6077308380733086E-6
4.015387683463826E-13 1.0548532018384016E-4
4.846119996840748E-13 4.167620826112106E-6
1.2240728608473646E-13 2.1663020787054954E-4
2.286594832796595E-13 2.0484931173303522E-4
4.555647327973611E-13 3.4036990154251434E-5
4.2470870268249475E-13 1.7454884023715422E-6
1.3062689964700466E-13 5.103428539443566E-5
1.9478291433655817E-14 0.0020989361175745014
2.839199317129749E-13 3.3848818460913144E-5
2.842255780073128E-13 1.0545715939080935E-4
1.3234898809008642E-13 9.417508037079525E-5
2.5167132869259205E-13 2.1690991633205314E-4
4.784341365030815E-13 4.509561136156748E-5
1.9836057583622374E-13 2.4273217903614253E-4
1.6198520709599946E-13 1.8233569050529752E-4
1.5395992144003121E-12 5.728579046238025E-6
4.066296509303253E-12 4.593236321182026E-6
1.7826306217874108E-12 5.3944395428384695E-6
4.682794226434483E-12 6.814386754538937E-6
4.0133898163030987E-13 1.0159784217356194E-4
5.662788056164137E-13 9.499406102841945E-7
5.6698858385779714E-14 5.140466024536883E-4
1.8797182007603565E-12 3.414143839974848E-6
3.4249031553733122E-12 1.1592649447500492E-5
1.2018688127030681E-12 2.9604149568429605E-5
2.4677970468553283E-12 1.501139925563777E-5
2.8973658015309027E-12 1.75232935495373E-7
4.2464398604502466E-12 7.362742937555566E-7
1.0142186945720967E-12 7.064258272793111E-6
2.1112558931758E-12 8.67180199193296E-6
4.3849404303842236E-12 6.711856036512032E-6
1.9209651564287795E-12 2.5134184389652425E-5
4.521393967691895E-12 3.2034142072312477E-7
3.3599099829919282E-12 8.093150251298198E-6
4.326393449457151E-12 5.169508544566881E-7
2.529847615394637E-13 1.9599051365448705E-4
1.5122003152946248E-12 3.047216325879898E-5
4.5982424707130935E-12 1.3383495893748432E-6
3.222960436794254E-12 9.432117968555254E-6
1.4441178405586666E-12 7.859559374101543E-6
2.6511290477902166E-12 1.281528900431983E-5
2.591417511557275E-12 5.249185898503761E-6
2.2539478665099273E-12 7.88535568385651E-6
1.7757713984889973E-12 6.15993547559146E-6
3.4925985342401166E-12 1.4018118577041605E-5
2.625707922360136E-12 2.1975441554356046E-5
2.2019319342875686E-12 4.826410765712552E-6
4.452139116095819E-12 2.0916300087492345E-6
7.614550226587381E-13 4.281315562915111E-5
3.229672080505673E-12 4.927856633862859E-6
7.79477071999335E-14 4.113570248817089E-4
2.917277112675799E-12 1.5571494114130502E-5
2.0467350628921985E-12 1.016696720168575E-5
2.23953987217153E-12 1.797306569262247E-5
3.0629104622218777E-12 7.52307599827251E-6
1.9297335262482585E-12 1.3343459850378991E-6
4.376982872440373E-12 1.2074260246075497E-6
2.2076181270935993E-12 3.485468464403674E-5
1.5934240018375904E-12 3.7170492083737905E-5
3.4291865612643867E-12 5.73620179167289E-6
3.4979540784213967E-12 1.023539976663379E-6
2.6691241094498117E-12 3.489585406746265E-6
1.6329535651075202E-13 4.5142931864283753E-4
4.76177140450531E-12 8.834140106550592E-6
4.057324712113413E-12 9.075965668348118E-6
4.580713566700132E-12 9.990387166203263E-6
6.864912299586996E-13 1.953648098751426E-5
3.1442547704473914E-12 8.481561778350688E-6
1.3160670866109404E-12 3.06303013083431E-5
3.32306521855685E-12 7.791970157988715E-8
4.072930767523665E-12 1.495831136022474E-5
2.3419397299604925E-12 1.2153267899162046E-5
2.4524387675519867E-12 3.34379037401078E-5
1.0202390464613928E-12 3.3237090281579285E-5
1.0054300588937429E-12 5.205834831656375E-6
4.1116124542250174E-13 5.046079645698587E-5
2.0738664015507173E-15 0.015072540884980112
1.5701251522510708E-12 3.918362050159274E-6
2.7742711155367617E-12 2.0980280697524556E-5
1.0144621715012437E-12 9.858554665842512E-6
1.4864527422796006E-12 1.9908721529349194E-5
2.70315372392441E-12 2.0353206315659733E-5
2.425287296951612E-12 2.415582241044323E-5
2.5500943161942017E-13 3.448860771803064E-4
2.8220650874355085E-12 1.05812391519855E-5
3.590534867284616E-12 8.363225796559348E-6
4.0801818164612205E-13 1.3852418792559273E-4
1.196544338325864E-12 4.9667567263878E-5
3.673872740231239E-12 3.867972496074401E-6
4.008652475250286E-12 6.453444718057533E-6
2.3724015350414766E-12 6.3376592877029125E-6
4.23613142825238E-12 1.5790730090170513E-5
5.192139987461353E-13 5.923311203392956E-5
1.8328352772080777E-12 3.6502023374462844E-5
4.755635635071416E-12 8.733064377430821E-6
3.2792001983687277E-12 1.8000136581930448E-5
2.822083959890464E-12 2.3132101858336362E-5
4.681580201181123E-12 9.81871113359123E-6
1.3252576792706774E-12 4.3673443679947965E-5
2.2985049782540625E-13 2.922988024585127E-4
4.3827620721678444E-12 1.9116939450447568E-5
3.861405360578857E-12 6.825621012507277E-6
9.001469654158901E-13 2.3386071889008875E-6
3.654116017370281E-12 1.124355733628235E-5
6.240479036782927E-13 1.5020598528936446E-4
4.372861599820594E-12 7.2092006569990374E-6
3.0580800031823434E-12 3.487620658382262E-6
1.5998607138723128E-12 2.21531462448743E-5
3.3029058123483365E-12 6.841838786297849E-6
3.6298316306111048E-12 1.7475700629154822E-5
4.7566233286157736E-12 3.265276018682428E-6
3.4642081154489958E-12 8.383165674530346E-6
1.895105633468648E-12 3.990431656442084E-6
3.717100249050339E-12 1.8291721148866458E-7
1.4435673319525647E-12 5.578150855689579E-5
1.4878772218811822E-11 9.780273949600016E-7
6.904909952955486E-12 2.2172774635231818E-6
2.4652766927045964E-11 6.221641842829584E-7
1.4137680574559822E-11 5.320548019493998E-6
3.92553142721114E-11 5.060099835807463E-7
2.4577890966452512E-11 1.6667310548390546E-6
2.357505404884993E-11 7.894944069608556E-7
1.881177044231472E-11 4.704665301780153E-8
4.192215822385997E-11 1.3749492088210857E-6
3.390419796454478E-11 1.7025796205105692E-6
3.299001878201465E-11 1.1957510087645673E-6
4.478003041533616E-11 3.531761826325308E-7
3.3181931133458844E-11 6.871130471264308E-7
4.9285504633566874E-11 7.006035251944098E-8
5.783000978176985E-12 1.5543862307287881E-6
1.667366160560937E-11 4.1982516757466115E-6
1.8579562824977224E-11 2.8588556909570073E-6
9.676777035458106E-12 1.8985954741701505E-6
2.9282020905900526E-11 4.858691358133882E-7
3.8614644353512814E-11 4.2714758996531543E-7
1.9939303331570805E-11 5.65273003627631E-7
3.910313846317397E-11 5.868963773858482E-7
2.454770460827933E-11 7.252005943536588E-7
4.874192888544869E-11 1.0695307217645222E-7
9.513468555117251E-12 1.1432420667922827E-6
4.994886382966694E-11 5.220082232026968E-7
3.344306623159036E-11 1.4134875312432627E-6
7.0531248963979905E-12 1.1445962973422041E-5
2.9980050476217933E-11 7.460298404593502E-7
3.3447557302797344E-11 1.1636025953887241E-7
4.681108567251895E-11 2.6828245724974664E-7
3.552686781946119E-11 1.0108011023746144E-6
4.2411055697038083E-11 5.2656944804496675E-8
4.220288836191981E-11 7.422143371016432E-7
4.412904419597202E-11 9.442911453882985E-7
4.379763299868465E-11 6.06275631809261E-7
2.1530757447379115E-11 2.5699280814528436E-6
2.822075495192423E-13 2.5656128453288574E-5
1.486208302405359E-11 2.6988943396810683E-6
3.32739330532467E-11 5.078504872191303E-8
2.592747601233592E-12 8.721125587474177E-6
2.7450721581595425E-11 6.753741902398858E-7
1.4404486913820133E-11 2.943980480618613E-6
2.7522475278127205E-11 2.055476628348707E-6
2.7026994410386515E-11 1.5897931665564968E-6
3.545179439257393E-11 1.0247986690359312E-6
2.2975682980456718E-11 2.518126620110195E-6
2.698498316434991E-11 1.245454627096798E-6
3.464284888783673E-11 1.8117759702507286E-6
4.5889364319992594E-11 2.7434172589213546E-7
2.4128979850949344E-11 1.3783864587502137E-6
3.165103405849708E-11 1.4661526814840897E-6
8.621212060801549E-12 9.339236075933677E-6
4.123132739823844E-11 1.2626803403970044E-6
6.34594046531345E-13 4.839880654061712E-5
1.617940828447553E-11 3.1710633829895585E-6
4.578884611345628E-11 5.914443127474911E-7
4.272812799662177E-11 4.286200402381368E-7
9.414488742769867E-12 2.4134745105763855E-6
2.8142088190811952E-11 9.457765118847661E-7
4.874008102805797E-11 9.452087612604743E-8
1.1628718569898169E-11 9.319824068043658E-8
4.393512481504896E-11 8.897816254904711E-7
1.155916770244668E-11 1.3149523547806297E-6
1.8255920553606177E-11 2.476997417177884E-7
4.297639801603022E-11 2.26591651120156E-6
2.2005176297328198E-11 1.1962696283562835E-6
3.4699601847363014E-11 2.629642431584145E-7
1.4167831142127531E-11 5.466742131310376E-6
1.447996951871304E-11 9.943089873676314E-8
4.927883048199007E-11 8.64053900095918E-7
2.324183932247875E-11 1.4284452486412746E-6
3.232534850312941E-13 1.6001000738452564E-4
1.648102328924129E-11 4.548798762105122E-7
3.931270487251343E-12 6.6102983310445396E-6
1.732003855276095E-11 1.8380768432857408E-6
4.4632150179018854E-11 7.816834499685399E-7
2.2876038955812962E-11 3.448316017062858E-6
1.5951483168314715E-11 3.6593411646412832E-6
3.372571225808988E-11 6.054312987613386E-7
8.30866207018825E-12 2.457752760309795E-6
1.7002414988230378E-11 9.796271311923732E-7
2.5288530775058516E-11 1.2339564386953938E-6
2.259125566731199E-11 1.633557915714512E-6
2.9369210827880796E-11 1.763274064980891E-6
1.0960417083164765E-11 2.577156474226072E-6
4.669094154312293E-11 1.2010307103293982E-6
1.1251006182297681E-11 2.126117218614887E-6
3.420815703152731E-11 7.268115556069432E-7
4.161838567406006E-11 1.071066437430268E-6
4.54949049961679E-11 2.7064802798904E-7
2.6657057821099525E-11 1.0255193995112322E-6
4.764438810322433E-11 1.0709424882460183E-6
4.163651411278755E-11 1.832631491005543E-9
3.784546488194974E-11 1.4318592043149891E-6
3.1721266223287825E-11 2.1264106424556672E-6
1.6216962080479252E-11 1.1586558512632905E-6
1.92448227104387E-11 1.5939004960330294E-6
2.087590275496589E-11 1.7894869961398996E-6
2.6145073050847795E-13 2.6017330812988515E-4
1.1705226631808476E-10 1.226136440157788E-7
3.6223883158465047E-10 1.1434024993484115E-7
1.3224054878164689E-10 3.1215595097666693E-7
3.984900100745585E-10 1.923730874597851E-8
4.185856579969632E-10 1.1924507214988722E-7
4.956224312207356E-10 4.5840972129340685E-9
4.393028290114388E-10 9.635704456556482E-9
1.786682463735767E-11 2.903664791498173E-6
1.3143218175058957E-10 1.5323498470110053E-8
2.8602362005361206E-10 2.2668793198121762E-7
1.8240366988458687E-10 3.4349642241693346E-8
4.26896294028141E-10 5.9007307151581756E-8
1.5948366432547897E-10 2.1594110610756445E-8
2.6137292889672994E-10 4.55156357048736E-9
1.212758727466325E-10 3.0899293035346886E-7
2.269910725403037E-10 1.0560656771296806E-7
3.61409581297911E-10 2.1908254099756164E-9
1.888320280299043E-10 2.993037929721609E-7
3.451769787511039E-11 3.9243557958812403E-7
4.1227794251439396E-10 1.6113135392625821E-7
3.8118486611413565E-10 7.388176137546054E-8
4.0028255349833186E-10 7.980545946306705E-8
3.658911195356049E-10 2.9913825194682886E-8
2.231696451514185E-10 8.241156423949292E-9
1.3581242485692608E-10 2.609202840453406E-7
4.146224640587754E-11 1.8010950326718955E-6
3.9095100445813105E-10 8.300770071301145E-8
1.8180103056018061E-10 2.895327783081214E-7
4.71302860687485E-10 6.517638428960026E-8
2.2663632064193225E-10 2.1847241671313355E-7
1.3503848565481802E-10 1.9248253957382389E-7
1.3141040599015165E-11 2.9343291516603642E-6
1.4494663924054E-10 3.041476026588441E-7
2.6282083754833473E-10 1.5200370706569544E-7
1.4720701883792636E-10 5.210158781077112E-7
1.2678369182853907E-10 2.3361220047313225E-7
1.7011795373154726E-11 2.915235485456691E-6
4.928285598321648E-10 1.3536128884439336E-8
4.36309872696883E-10 8.607888957179455E-9
2.587374756871189E-10 1.5937974739976823E-7
1.382226518344097E-10 4.0682951540915724E-7
3.9478701171854853E-10 1.5366729999577444E-8
4.0526269227118985E-10 7.184843808794028E-8
2.4997401997995916E-10 9.036889048186225E-8
3.0072280060448465E-10 4.8546826114659325E-8
3.672820064151095E-10 4.657323104950706E-8
4.774051881329862E-10 2.9703609905062933E-8
2.690633183750077E-10 3.1165104952268763E-7
7.969831101067382E-11 2.1700683083825112E-7
1.2390916828956352E-10 3.2801034943741314E-7
2.949210340979094E-10 2.1844100084322804E-8
6.991419126322374E-11 9.40050593589703E-7
4.3043464115400574E-10 2.320444425496504E-8
3.1876952288098344E-10 5.802579206015679E-8
3.8343519445400224E-10 1.0053621024574966E-7
1.1245501127644748E-10 8.86799128574367E-8
2.1303577115245275E-11 1.9051010614612451E-6
4.2532443878142783E-10 8.629457215469927E-8
1.91931556863581E-11 2.1749708212226437E-6
6.403134838173497E-11 7.01119622692481E-7
1.77023947893895E-10 2.9237617327204646E-8
4.950289714014462E-10 1.1490444173922754E-7
2.056366168073185E-10 2.3035351626177203E-8
3.423631389145716E-10 4.781807327880472E-8
7.851277948980191E-11 2.2693714407662213E-7
2.292915608157088E-10 9.712741000367231E-8
1.6472537980041127E-10 3.2680452233257995E-8
4.570960110613055E-10 8.413203178569972E-8
2.1574088608051164E-10 1.474985683591612E-7
3.0856195506438887E-10 1.2700095275430812E-7
7.501529108632849E-11 5.065644899104882E-7
4.5629721137461334E-10 1.2008544159058943E-7
1.8230005884256942E-11 2.279158277662674E-6
1.3572813665961289E-10 2.744737267468267E-7
4.4328731003618123E-10 9.955064428357474E-8
2.86688415529594E-10 3.804116477379438E-8
9.41756635373437E-11 3.629228368939863E-7
6.750704282359478E-11 1.3898582096327772E-7
4.794329053241982E-10 4.673039255553846E-8
3.3197384316747457E-10 9.907465037262142E-8
9.365321482987716E-11 5.761087380484753E-7
3.271424974276451E-10 1.381875742723082E-7
1.5533615334057466E-10 4.901776021748461E-7
3.0231363401484327E-10 8.552243968562578E-8
3.739616714035336E-10 1.4559629735177992E-7
1.144780503398174E-10 1.199950587782439E-7
2.6765296361196113E-10 1.0041978548702701E-7
9.808896221049025E-12 6.0668122052742746E-6
3.8588281241747527E-10 3.5720549962370285E-8
4.5535101426958174E-10 1.2246011049654726E-7
2.916732163357949E-10 4.447121126904818E-8
3.7980596960635663E-10 9.3421181790454E-8
1.8480835910957062E-11 1.5560152935023552E-6
6.125803270885583E-11 3.3899739526610517E-7
1.0886158127190154E-10 2.6766602068128975E-7
3.1589429188931476E-10 2.123704151424377E-7
3.7040123863361585E-11 1.2190878134754612E-6
4.023714687681729E-10 8.184051614179566E-8
3.1420797649581135E-10 6.837369670442683E-9
2.576632428910817E-10 8.589309397066813E-8
2.238367317131536E-9 1.5125439234431326E-8
3.3223963948427267E-9 1.5274208564619585E-9
2.6117882618795622E-9 2.18191408274393E-8
4.446000050167597E-9 1.4337985132506503E-8
3.846615944397387E-9 1.5095348970817213E-8
4.408830444785759E-9 2.5695121586011282E-9
2.818454589090161E-9 1.6734689189945584E-8
2.695173765492926E-10 8.113712524071559E-8
1.5361210317727417E-10 5.248847966266013E-7
3.5450240975923567E-9 1.2383018832551329E-8
1.2767603248487084E-9 4.167654876763294E-8
2.4494196357460707E-9 2.1475839329099244E-8
1.3213423583390096E-9 4.6828136923693364E-9
4.4464357790996925E-9 1.0160026042704828E-8
1.1251259906986017E-9 3.468994413946547E-8
4.314221873699098E-9 8.76575945163438E-9
5.692002336500131E-10 4.87083462452631E-9
3.5741769869332235E-9 6.303006228058905E-9
2.034150585028729E-9 2.3182370800789442E-8
7.985643768692032E-10 6.22784088744055E-8
3.1493788801731137E-9 2.2762386864272344E-8
4.242547538159259E-9 1.058740084491916E-8
3.97339043036917E-9 1.4464898168142781E-8
1.5947770014087105E-9 1.6224409593590394E-8
2.452832501838966E-9 1.8152300107487918E-8
3.696717052153504E-9 5.26712784498784E-9
1.4202462096166187E-9 7.07120961784824E-9
2.525215707825377E-9 2.6272125586146444E-8
4.474600920856909E-9 1.5544779907727957E-9
2.886657974123205E-9 1.4437235296149709E-8
3.080081808841667E-9 1.0143761830505582E-8
4.346340448111177E-9 9.413117396661619E-9
2.8682592368614502E-9 2.45275313393023E-8
1.2659751208019956E-9 2.4864811654090602E-8
2.953298597997045E-9 2.607856364189587E-8
1.1886657336098118E-9 5.38542255235086E-8
3.601490286671923E-9 2.9859894556949484E-9
3.578062999605764E-9 1.2599136178792492E-9
2.632939877175263E-9 1.5070739434186464E-8
3.3611299846030697E-9 5.6724661634532936E-9
7.882469755741829E-10 9.844407922177112E-8
2.2570641802088524E-9 1.868937382631941E-8
2.045503736160534E-9 2.8353640213474307E-8
1.3040941464751606E-9 1.0795942140262582E-8
3.61770231678117E-9 9.467233552662435E-9
2.767388607201838E-9 1.2423494566426996E-8
1.457991887866488E-9 2.2072055627653242E-8
4.062093977860303E-9 1.3709947510598397E-8
3.426160419387391E-9 2.280273725396853E-8
4.933094768991364E-9 7.005822588723731E-10
1.4658248159461632E-9 9.33108368350588E-9
1.765633724380212E-9 5.362166155542525E-9
4.865326922107308E-9 2.1848933773327417E-9
1.0672211092778235E-9 4.499046712957977E-8
4.849105576573041E-9 2.6352464654877394E-10
2.2607245676673485E-9 2.6666396646390922E-8
8.088166527043629E-10 6.721424783417973E-8
1.501196763326418E-9 2.7020119808263132E-8
4.638814100487996E-9 1.4309087248420838E-10
2.2055329503529816E-9 5.386126988859985E-9
2.1084999155211937E-9 3.790934743896912E-8
4.935747394768048E-9 1.5579530998621749E-9
1.4698685279849401E-9 9.771763287425017E-9
2.6654208622964943E-9 4.794903918359239E-9
5.632673517368659E-10 9.47843470378018E-9
4.887254881629949E-9 9.502156173013532E-9
3.145888006968151E-10 1.4081526888976015E-7
3.480820883143831E-9 1.0339540112980217E-8
1.495019998875463E-9 4.944704667941835E-8
4.387312386918738E-9 8.96613705503313E-9
1.9879504136213197E-9 1.4670395453997287E-8
4.456806994902758E-9 2.892696304712672E-9
1.140165178108087E-9 3.086490008019638E-8
4.008263983311403E-9 2.3588020425791E-10
3.3951186519615572E-9 1.723130971242881E-8
4.72888047125198E-9 5.817854864531569E-9
3.65962932424153E-9 2.2410867606126317E-9
3.2337980733272828E-9 7.85180032103483E-10
2.3521039374053536E-9 4.2418094592378E-9
4.496412136100758E-9 6.4901792828919724E-9
2.946371687868336E-9 2.2071787397770493E-8
2.1712098833687347E-9 1.6347190823218227E-8
2.951980365683906E-9 3.019059890974063E-9
6.833368935642854E-10 5.697312210894978E-8
5.666122125736868E-10 6.955112619166925E-8
4.610733043105127E-9 4.216406224166747E-9
8.719622806472134E-10 6.724113821299227E-9
4.9851192787930136E-9 5.941655722985217E-9
3.109461646483588E-9 7.439355576011053E-9
4.477382242779703E-9 1.1726741022677345E-8
4.720735340978877E-9 2.5362287825458907E-9
4.1916672304483755E-9 9.518794752416682E-9
4.939369239353566E-9 1.3585968017260086E-8
7.920357476720504E-10 6.596590651497536E-8
4.510787056895308E-9 1.1599503690895574E-8
3.637787245759872E-9 1.0071041334214215E-8
8.467804471227436E-10 1.884683420438904E-8
1.361026411294938E-9 2.765892370693024E-8
1.6070883070993396E-9 2.12157108547828E-8
1.2593778776864851E-10 1.0996149890640794E-7
2.3746222762669724E-8 7.283127434476455E-10
2.5473005317689303E-8 5.019592519417415E-10
1.0513249035618198E-8 5.910850475743246E-9
6.904537419089081E-9 8.70163829880255E-10
1.6617115717133327E-8 2.892152406452908E-9
1.641239180713762E-8 2.358208184283228E-9
1.9899807114669892E-8 4.0692704761369214E-10
3.1280742228272757E-8 1.1524525778128236E-9
2.488907959236723E-8 2.2858849257900715E-9
4.545530582519262E-8 5.43355471727125E-10
4.4927875622793334E-10 1.2757971901145027E-8
3.306525801592048E-8 1.1006524580636778E-9
4.839809264722541E-8 1.0543688144792895E-10
4.716015958547565E-8 1.9139723139716125E-10
1.8567767101322518E-8 1.3146642663386388E-9
2.8810726945967515E-8 6.463259927258491E-10
1.695014166035091E-8 3.879530030559408E-9
4.559225390263342E-8 3.6208169795770573E-10
1.7040944644471856E-8 2.1033661479208376E-9
4.198362360897319E-8 7.513890620813868E-10
4.967453396386176E-8 7.435531079735824E-10
2.7773548044394488E-8 1.7017180997669357E-9
3.05569859303076E-8 1.8596533202241972E-9
1.8475566284525775E-8 2.5353389387916536E-9
1.4560169365465824E-8 1.840194663316197E-10
4.72728098341202E-9 6.084699633035484E-9
4.1485872638718856E-8 3.579336826931012E-10
2.530656460163458E-8 9.050057370174613E-10
4.4456823186418094E-8 1.83957848953753E-10
1.763240569340025E-9 2.1856789378382757E-8
1.2006656638098832E-8 5.825149251847961E-10
1.667086013921042E-8 9.282886681560854E-10
2.114573797262083E-8 1.4401706494027167E-9
3.4873970224881375E-9 9.935859801579738E-9
6.652832497603624E-9 4.317203039505557E-9
1.4220235575107502E-8 9.592937555424896E-10
2.2186080224741286E-9 1.2728296194808308E-8
3.316999104724616E-8 1.3529948272861247E-9
3.013695082973588E-8 7.119492773099978E-10
6.5362505499645415E-9 9.417389090771167E-10
3.645129619223476E-8 2.402402721202179E-10
2.05690551259658E-8 1.3185175173902053E-9
4.8919137009903354E-8 9.778476917077228E-10
2.6112009626917823E-8 1.1974533586922576E-9
4.211837927019146E-8 9.789525856618297E-10
7.081757377773347E-9 4.315993118453321E-9
4.140019774453278E-8 2.3445689834034056E-10
1.0845757993479701E-8 1.526040516175442E-9
9.266911572642807E-9 6.2188650895578235E-9
2.183813265823637E-9 2.188156766891325E-9
3.084849094808737E-8 2.455304848325568E-10
1.042655053548708E-9 3.841006301907868E-8
3.135252348945758E-8 1.097242741110449E-9
4.051764924653551E-8 3.2385771842058375E-10
4.721079333902616E-8 7.846562288804648E-10
1.2227815170606983E-8 2.4809275744885895E-9
2.3838272565822024E-8 5.831162219749331E-10
4.4702839400971175E-8 3.9550440700253375E-10
3.881085743729093E-8 3.9255410033689486E-10
8.692755273580396E-9 5.940044900398789E-9
4.736640896447439E-8 7.440369431677141E-10
2.496776861212425E-8 3.3202118832065253E-10
1.2605420563090972E-8 7.042504357457346E-10
3.262908908094438E-8 1.1813311440178609E-9
2.0935493471200984E-8 1.362136070603981E-9
4.303934376497913E-8 9.164224934465892E-10
2.2145908852669666E-8 1.4861220032358347E-9
1.8947438289385307E-8 5.202489550271139E-10
3.615006243155945E-8 1.55913004729058E-9
3.4377982801985776E-8 1.6848992201445867E-9
4.568511152746839E-8 3.5819269772474627E-10
4.643613169875058E-8 3.682014693140445E-10
1.7057308881718937E-8 5.766714883392865E-10
1.980797458338088E-8 4.818847543219817E-10
2.971608682731165E-9 8.935016615474467E-9
4.178347099582215E-8 3.986627694629874E-10
1.134500838829627E-8 4.085517812946193E-9
4.486872394264983E-8 5.2421400553726016E-11
4.8190748012324015E-8 1.1230881780122104E-9
1.4168925827631832E-8 5.553895121579444E-10
4.7747193778615855E-8 7.353517794683739E-10
1.280026656882827E-8 1.7949947084261453E-9
4.8239508235406857E-8 4.985373225352419E-10
4.622780536159372E-9 3.5838186862591215E-9
1.388822869866591E-9 2.167881907322311E-8
2.497684083579159E-8 2.228682793870007E-9
1.0063541818422824E-8 8.301480614036905E-10
3.616041003404841E-8 1.6672946356877105E-9
2.3497993291415148E-8 2.360893924802099E-9
1.0815181064702216E-8 3.0599733857883393E-10
8.138302761815122E-9 4.117246210633141E-9
4.781647626759417E-8 3.131032100256448E-10
1.4423970155939557E-8 2.007161548078784E-9
1.7709601848503747E-8 6.406161157102019E-10
3.33420590005134E-8 1.653250980560017E-9
3.8136007141306805E-8 1.659371529072473E-9
4.9221612053154915E-8 1.4999879116572856E-10
4.0383823087642095E-8 8.239164905887719E-10
3.7447223796427665E-8 1.5105623418776304E-9
3.142342298819727E-8 5.501431532550782E-10
3.1974925478731996E-8 2.543154464795805E-9
4.819988275236876E-7 4.318156943128315E-11
3.324736189453324E-7 7.211842234511323E-11
1.3107256947890822E-7 7.866374218679084E-12
2.076033338375516E-7 1.0143774709092668E-11
1.842737227694894E-7 1.9999013556315504E-10
2.894081042594445E-7 4.0884629015636165E-11
8.947431164540345E-8 1.5610601700188909E-10
2.4678091504751863E-7 2.4752422334017865E-11
3.2516153554380156E-8 1.6014012338416705E-9
2.680781770453791E-7 9.7087338168933E-11
6.493586219965282E-8 2.659772402324734E-10
2.4416317859047934E-7 1.4622014710141684E-10
4.838731560902998E-7 5.635514277457787E-11
4.466530493958789E-9 2.4441980661649154E-9
3.619713232070061E-7 1.15230047725845E-11
1.6171937473436265E-8 8.041379784273772E-10
4.156456476184981E-7 6.56386056618885E-11
3.1875147188436577E-7 1.1757705919990258E-11
4.3886295387750593E-7 1.4662504543849764E-10
2.7975866772047976E-7 5.909850386842663E-11
4.986702745300686E-7 9.160050495893302E-11
3.9657631852681035E-7 7.611555830067118E-11
4.5932593779499225E-7 5.390132784555135E-13
5.7805417360886816E-8 1.8993506767372992E-10
5.92747720305051E-8 1.098796498233412E-9
1.1883266306255807E-7 1.1534517785349863E-10
1.3368822190221318E-7 5.014725301677458E-10
1.4204982535126446E-7 3.1579416859273124E-10
2.4323764336558776E-7 5.84440273954101E-11
2.3300257343634148E-7 4.128652975055047E-11
3.1462740544139566E-7 6.097777838220964E-11
4.507688164310593E-7 7.433242910082072E-11
2.1168687509506204E-7 3.7865488522470514E-10
1.4201495487601694E-7 4.584719270894766E-10
2.6807337483440136E-7 6.129285967659825E-11
2.0292822333007293E-7 1.3969370105115786E-10
2.185013527181294E-7 4.782196860730892E-11
3.9760635543357884E-7 6.458700241296356E-11
4.4857644844095126E-7 1.1053624682233476E-10
4.931030424307696E-7 4.0445424787094453E-13
2.41532270492817E-7 1.949770345177626E-10
1.2433682303990261E-7 1.1035383717938885E-10
4.702574500537985E-7 7.49766915220107E-11
9.219578192835667E-8 5.481871623302936E-10
3.6584121343346954E-7 7.671774326922787E-11
6.769639475412078E-8 7.806839619206585E-10
2.79397470355937E-7 2.423239386928344E-10
1.1782812960582189E-7 5.823466153742629E-10
3.4615505183625987E-7 1.9833323872120445E-10
2.5514814810419576E-7 4.1643355430664997E-11
3.0279136959783936E-7 3.265632209092928E-11
1.1525360037199643E-7 3.579915253126842E-10
2.0786687154193364E-7 2.4980784107953014E-10
3.8248860585073713E-7 2.0813395451568795E-10
6.718067262960895E-8 6.841268662682864E-10
6.473666675638142E-8 8.018696817657656E-11
3.8116624809979754E-7 3.5894953676063324E-11
4.895668810565988E-7 4.129441233402531E-11
4.593977907456347E-7 8.290768072072296E-11
3.845664580626399E-7 1.3283174560285715E-10
2.0126061184672085E-7 3.752145261159967E-10
2.6918868458605504E-7 5.8195670504801456E-12
4.242948013933703E-7 4.848565993142984E-12
1.302207264259802E-7 1.2135692450954139E-10
1.491539572931801E-7 2.1114276993472458E-10
4.6094167475493387E-7 3.945843651820269E-12
4.780968407533205E-7 6.064015956042113E-11
2.996685621591666E-7 2.2269852628653553E-10
4.5207747403979483E-7 8.348799429569453E-11
2.1771381159484235E-7 2.7087021514660137E-10
4.4851095834282136E-7 1.1048972847760297E-10
4.42397834571581E-7 1.262190352235848E-11
1.1042104545598651E-7 4.885957194389334E-10
9.683639353115406E-8 2.834125156780942E-10
3.397382823059651E-7 1.0580181175612324E-10
1.354761563038374E-7 1.158843021542566E-10
6.889317994740632E-8 4.924911589654357E-10
4.200687790428755E-7 7.253697642539692E-11
1.6047831375183368E-7 1.8081347530340963E-10
3.3380164858464287E-7 1.8216039787688487E-10
1.0364102226526465E-7 2.4407165177819934E-10
1.670518489276074E-7 2.904940732406658E-10
4.4608082947720944E-7 1.3755918626401353E-10
1.236726443932299E-7 2.396524090286789E-10
5.419072254724629E-8 6.430445065319645E-11
3.1539232925861075E-7 1.8019596925711312E-10
5.21922039285664E-8 1.3674721355272368E-9
8.902946340550446E-9 6.832571730619463E-9
2.893228703238412E-7 3.673539250570457E-11
1.1720060312715328E-7 6.330913571162E-11
9.655925389407376E-8 3.6704184136482354E-10
3.693192986019335E-8 5.606326514140392E-10
2.5937594772122743E-7 1.5927048568897817E-10
2.0668926460852092E-7 1.420497053317149E-11
1.7809534314914898E-7 1.3841516821599953E-10
3.2872661277279914E-7 9.429190761522932E-11
1.5397521217868803E-7 1.0148304419033138E-10
1.6635035567583676E-7 9.729661520907484E-12
2.078797587542395E-7 2.5371349465785897E-10
4.107453375195743E-6 8.390288463999696E-12
5.381302781466798E-7 6.254019524476462E-11
2.402639941577319E-6 1.3125833753235838E-11
3.4545262119707963E-6 1.1185496973098452E-12
1.5983012606646118E-6 4.0609737794738976E-12
3.786063311505312E-7 1.0213052625829278E-11
2.7225151291584954E-6 2.6615376569338878E-12
1.455844354818817E-6 4.197420189200329E-12
1.6261812019245766E-6 1.891431455902648E-11
4.832703032522009E-6 9.766853992232427E-12
1.6387111746501608E-6 1.344369060518602E-11
8.5640279873998E-7 2.1246004955344233E-11
3.5990927094552155E-6 7.551292924290465E-12
2.742306965126458E-6 4.965694522240938E-12
1.9266466061844814E-6 1.0438316877525722E-12
1.617253514498776E-6 1.4003354031899562E-11
4.934008538317416E-6 1.867950238931826E-12
3.1816712678556435E-6 1.0605627487336733E-11
4.0459866262500436E-6 1.1640244323984916E-11
2.1299001784097773E-6 2.2108315178570592E-11
9.72966817314411E-7 5.835909533402628E-11
1.5293232452326082E-6 3.106359613980203E-11
4.963035355092716E-6 2.8377300509419E-12
5.778873710246836E-7 5.4947935090865485E-11
8.05214737693392E-7 2.1059487487207207E-11
1.7012369162827508E-7 1.2913448088625046E-10
1.3249960498370282E-6 1.2210565891734859E-11
4.0282862716619E-6 1.464273147178119E-12
3.2661884951528226E-6 1.7785772854495008E-13
4.6276069680263337E-7 1.2284839812082282E-11
1.9089814824351798E-8 4.0152992042408187E-10
3.170102344134224E-6 1.838307284174334E-12
1.9788362461156573E-6 9.680589663219052E-12
2.554252170689147E-6 1.2830847495592934E-11
1.0098732461837316E-6 7.946765467892192E-11
3.4535381897150525E-6 2.7837732119451175E-12
3.6787716259314094E-6 2.7572388816565763E-12
1.6005705823273564E-6 2.913180807695426E-11
2.4896980284552354E-6 1.6767032207098964E-11
7.522152972745657E-7 6.783151818012811E-11
2.219684916029669E-7 7.770606380574918E-11
2.9612887369820535E-6 1.0230705171920818E-11
1.8001064018372986E-6 2.1340484934739834E-11
1.569868303780137E-6 2.6705304634333515E-12
1.6121866293599266E-6 5.77844438964803E-11
4.976191196388357E-6 9.705680703575581E-12
2.2860584765495242E-6 1.0435208253056771E-11
4.2436907587493254E-6 2.87259105391513E-12
1.0504307512906046E-7 5.289457760682126E-11
1.0030772947914367E-6 1.1389555965024556E-11
1.230238946762901E-6 4.12233580604493E-11
3.558425558247054E-6 1.9330426148655988E-11
3.946621288218939E-6 4.125255692599694E-12
2.4985273027426963E-6 2.3556934181101497E-11
2.281291030986646E-6 9.055423078052627E-12
1.6784570717003223E-6 1.3889001060363171E-11
3.5867362994966675E-6 1.553868145265369E-12
2.057187660485336E-6 9.171441384125956E-12
2.337679505109593E-6 9.473422046823998E-12
3.3295761987164816E-6 3.934630399271555E-13
3.270451030717045E-6 9.612866058716918E-12
4.490174236261676E-6 4.6528336739015685E-12
2.6779839303066094E-6 4.410138920718509E-12
2.717754088728868E-6 2.345124094915718E-12
1.7561650907994458E-6 4.300892975095394E-11
2.1947675313775567E-7 1.4586076790834568E-10
2.2387755083523248E-6 1.8595347484051672E-11
3.7591718299067946E-6 1.4532930414645762E-11
2.5345746584040843E-6 1.5983325774016066E-11
3.49279321105295E-6 7.423062164946259E-12
2.3328335158090957E-6 6.218470183227964E-12
3.8139227941914887E-6 3.381961377613152E-12
1.330027130869676E-6 1.2863377030214451E-11
3.182004008213692E-6 8.512968108220775E-12
1.7733072193587342E-6 2.6380786444235582E-11
4.265210799941737E-6 1.0852430065710905E-12
1.854272645374536E-6 3.6101122091736215E-12
1.2185433516405402E-6 4.27202717645514E-12
4.32353169812881E-6 9.418577029407516E-12
3.9665400287683715E-6 8.516409799597113E-12
4.752340547619817E-6 1.780353642288901E-12
3.0402068385277373E-6 1.572131314020453E-11
1.6275581149919016E-6 8.159584119482588E-12
3.7912984046103077E-6 6.230238547288991E-12
4.431243290476689E-6 5.679567927074913E-12
7.764777708430218E-7 3.0024871477962733E-12
4.293058601327643E-6 5.99231775311182E-12
2.2623060543833604E-6 1.2199241616883683E-11
3.994440987504142E-6 7.812195335077377E-12
3.2832432519124256E-6 6.669109708923315E-12
1.5961193071202839E-6 9.333867012628616E-12
3.513312764921255E-6 6.413203301747217E-12
4.818472991445079E-6 6.00997029920336E-12
2.5528080563844233E-6 3.597599995686096E-11
1.3565365835719432E-6 7.1634920217888975E-12
4.6400901829834E-6 1.2681189431873463E-11
4.402889815133764E-6 1.0963119301266033E-11
3.471406145955631E-6 4.164557587671425E-12
8.925813791956992E-7 1.2627898726691456E-11
4.835683026383639E-6 1.244004899092488E-12
4.000597748063989E-5 2.2468382709917023E-10
3.373945942741351E-5 1.587798781343963E-10
2.6058005854909528E-5 9.808620582418826E-11
3.5725425425324134E-5 1.7943291297228825E-10
1.1929521210879937E-5 2.0551449431138735E-11
4.3545175440831456E-5 2.668018028728625E-10
3.669273218168617E-5 1.8822832181797367E-10
4.4936849079435875E-5 2.8358870807210224E-10
2.0124120515208018E-5 5.831102267706001E-11
4.8312263439963435E-5 3.2672564653779546E-10
3.4968434267233665E-5 1.7134860197387525E-10
6.056758253701019E-6 1.2526646386845641E-11
2.4353001083476047E-5 8.412748275787862E-11
2.4352080011509472E-5 8.260825357098156E-11
1.5620177769519133E-6 3.243794122198551E-11
4.82816110582549E-5 3.259418290824101E-10
6.817962210089349E-7 3.6247227441776886E-11
2.8962191458435753E-5 1.171741592642661E-10
2.6552893253674776E-5 9.753919893995544E-11
2.9478250550377454E-5 1.2162382212466127E-10
3.633596775849749E-5 1.8626056252912804E-10
4.230986499843935E-5 2.517923647360476E-10
7.934955843756256E-7 8.302036835772242E-11
3.5490719899896925E-5 1.7684076425439343E-10
4.244048718447681E-6 1.0877854172974821E-11
2.2055352363685025E-5 6.75102196368016E-11
8.850548196353929E-6 1.2914780356254596E-11
1.549391414642747E-5 3.7034042499328734E-11
2.406182635578192E-6 5.383249401802459E-12
1.739009605071401E-5 3.965971995256723E-11
1.2684869079086046E-5 1.9003798534811267E-11
3.5542827200975096E-5 1.7732559864924724E-10
3.448719591572035E-5 1.6802592650577708E-10
4.644033689459834E-5 3.0373292769780846E-10
4.153508507145128E-6 4.0639713816403855E-12
4.364774782849865E-5 2.672155829941403E-10
7.105689952350483E-6 4.015010546254416E-12
1.8574534467696123E-5 4.8505088834360777E-11
2.614654100270407E-5 9.469303119402639E-11
4.6199949381575494E-5 2.9987246019658187E-10
2.6175419135006744E-5 9.68726210359705E-11
3.105336213774783E-5 1.358965162623349E-10
1.6711843293200064E-5 3.729949682451661E-11
4.7379038890443866E-5 3.149223104514931E-10
3.9352481695796266E-5 2.1801849214853064E-10
3.7673967395082054E-5 2.0005042067339218E-10
1.7874704848021934E-5 4.412692433675147E-11
2.9225551212568325E-7 2.6595925461947445E-10
4.415162682165556E-5 2.733467896476327E-10
2.5585546262759866E-5 9.216172269788103E-11
1.1025138017582279E-5 1.6424639426304566E-11
1.1027681004558243E-5 1.761546464251751E-11
1.1617214006340253E-5 2.1158630403306233E-11
4.529119564150756E-5 2.8788094130760555E-10
4.372426222240502E-5 2.679499955249298E-10
2.454743108173759E-5 8.321476840933428E-11
1.3569175887162372E-5 2.812827748499558E-11
1.8001380220545816E-5 4.727451763386625E-11
4.857216457650648E-5 3.320603791934218E-10
4.403578528893727E-6 1.0563772079308364E-11
3.739155573838591E-5 1.9688517483018586E-10
4.396725412161098E-5 2.707584156880216E-10
2.3383135624311857E-5 7.811884472630481E-11
4.662864768449389E-5 3.0462976585710067E-10
2.6090987484348177E-5 9.737421979849614E-11
5.1974603275718035E-6 1.0433431896217371E-11
4.333022398989805E-5 2.628166573259705E-10
4.1834209043504105E-5 2.450953884292062E-10
4.292472693045893E-5 2.5866453423617486E-10
4.604992372645711E-5 2.9760793829325394E-10
9.94953145243184E-6 1.6954104786748303E-11
1.8545216470128108E-5 4.889000315699832E-11
2.9282641138067535E-5 1.1826428725214555E-10
2.5590544355493174E-5 9.169187631385967E-11
8.935726303659327E-6 1.218014578086013E-11
1.5104378841835347E-5 2.9197422257709604E-11
1.7047828892143796E-6 8.532730078059103E-12
1.6323590628257134E-5 3.4293012873831685E-11
4.851372464448132E-5 3.3044011971128384E-10
3.709998849065136E-5 1.9189727584745242E-10
1.892599706837026E-5 4.869415981545444E-11
2.4923979775640582E-5 8.865375100697293E-11
3.2837559822305975E-5 1.5134937747518507E-10
1.2202280795546377E-5 1.7033041643799152E-11
4.2661215424046606E-5 2.5507251866230263E-10
3.1939522623629845E-5 1.445631392371638E-10
4.034591119698959E-5 2.2775459296298095E-10
4.537553339814139E-6 1.030586727068794E-11
1.6479916100813697E-5 3.84543508147317E-11
3.908159620747705E-5 2.1479884537711769E-10
2.5294835504514338E-5 8.831757547511643E-11
4.628586063423917E-5 2.9988844740813647E-10
4.556543252449266E-5 2.9132174450552384E-10
2.4685624855332693E-5 8.389466898961473E-11
4.179172268738672E-5 2.463491632909154E-10
3.50573144906472E-5 1.7193801937764874E-10
2.6414631098668382E-5 9.902312303466942E-11
4.019808948635811E-5 2.2614099481899075E-10
3.570538896205229E-6 2.2806201371849966E-12
3.1783600685854685E-5 1.408095862132086E-10
4.960566603795656E-4 3.45104534948959E-8
3.3134735948540445E-4 1.5397554120610835E-8
3.9476919619931184E-4 2.1856093934680132E-8
2.5355489375208034E-4 9.016172142217727E-9
3.0646347879882316E-4 1.317184294968854E-8
4.854989027185221E-5 3.3199498705727137E-10
3.417267953152395E-4 1.637746904759041E-8
7.043761764413495E-5 6.960241272224721E-10
1.3612895834563804E-4 2.5989267404824545E-9
4.7105198235484055E-5 3.1013402956858727E-10
5.9228729904792466E-5 4.907609874038599E-10
1.9860101808435313E-4 5.531482494269824E-9
3.979861651503033E-4 2.2213806016857518E-8
2.56512519180331E-4 9.227964614666462E-9
1.849447725439329E-4 4.796879227164652E-9
1.5446146429786477E-4 3.346137145143757E-9
2.891432250780896E-4 1.1725126980444145E-8
2.100347100745804E-6 1.5958123711357075E-11
2.1743631850924326E-5 6.411116082460921E-11
1.382303752450885E-4 2.6796754815094914E-9
3.35170580471654E-4 1.575503305595305E-8
4.993755865653457E-4 3.497379297279224E-8
1.9705170548122672E-4 5.44550537995292E-9
1.9390449265619623E-4 5.273129599636661E-9
4.829097896045118E-4 3.270548765144099E-8
1.5822015626057163E-4 3.510868262779354E-9
6.54127319745916E-5 6.002123242865309E-10
4.993320770334614E-4 3.4967732043256206E-8
3.456399013750165E-4 1.6754506226845933E-8
4.200336104115527E-4 2.4743104898306E-8
4.1242988188394675E-4 2.3855468711531103E-8
3.4075260007801716E-4 1.628415868815125E-8
7.016017022139634E-5 6.902459714908105E-10
1.799596692313111E-6 7.742806396038304E-12
1.105573769015255E-4 1.713754027576897E-9
2.6614901313917267E-4 9.934219336038552E-9
2.3919530344852273E-4 8.023967712489366E-9
2.7505759737845177E-4 1.0610467060523376E-8
2.976185924882839E-4 1.2422239792364564E-8
3.048177734648914E-4 1.3030776679912037E-8
2.4450259075694934E-4 8.38426394977887E-9
6.489053737143265E-5 5.897663468701353E-10
3.9746302905487854E-4 2.2155398515799618E-8
4.86753774850026E-4 3.3228134355134387E-8
1.661572315045542E-4 3.871917009234949E-9
4.1429257191321527E-4 2.4071392101809863E-8
3.788342624377025E-4 2.0127232103206438E-8
1.947629588131521E-4 5.320124452090624E-9
3.717155270117308E-4 1.9377996096636707E-8
3.2266026945833613E-4 1.4600870734682303E-8
5.330677204923669E-5 3.98013844105094E-10
1.3465764201442887E-4 2.5428048555653504E-9
3.05302683185242E-4 1.307224728464007E-8
1.336546302894127E-4 2.505312846068364E-9
4.460590626265963E-4 2.790445208233905E-8
4.144552815061785E-4 2.4090392791720205E-8
2.7114505276122614E-4 1.031079366331511E-8
1.1730969225493187E-4 1.929931769950599E-9
3.342860898884833E-4 1.5671924202820264E-8
3.821932235961576E-4 2.0485891427668435E-8
4.2866401547031165E-4 2.5770488298881844E-8
3.6401805449527485E-4 1.8583868000021653E-8
4.37213905851233E-4 2.6808644304487927E-8
4.8378831292364346E-4 3.282460381281993E-8
2.069715628519994E-4 6.007394026674717E-9
3.839020022596882E-4 2.0669287392749425E-8
4.589648034386289E-4 2.95426236807117E-8
4.6731145578007637E-4 3.062684295063178E-8
4.1545502391360234E-4 2.4206830873119145E-8
2.840831568682358E-4 1.131821425470747E-8
2.3093117572862447E-4 7.479210362149047E-9
2.781139317955558E-4 1.0847577835981781E-8
4.741115272915324E-4 3.152463712297049E-8
7.849235598357266E-5 8.642214721632513E-10
7.385161737570059E-5 7.648419675376772E-10
4.6043346973505457E-4 2.973178148124589E-8
4.1238974827401077E-4 2.3850937780345305E-8
7.011541647643391E-5 6.895762849623566E-10
2.0144296288969777E-4 5.6911835244477516E-9
3.054244199985312E-4 1.3082929850583014E-8
8.851986503927288E-5 1.098772739460685E-9
3.339491876681687E-4 1.5640518657988878E-8
1.7226933837098507E-5 4.336897507783988E-11
3.629980888721261E-4 1.8479664687376385E-8
4.626597804442194E-4 3.0020036123623584E-8
1.2044662657268235E-4 2.0338881689951904E-9
1.4100443254760237E-5 2.8287483466726826E-11
2.6542539710146614E-4 9.88026704895617E-9
2.1665855042080442E-4 6.582941081134663E-9
4.938578276569927E-4 3.4205086985039657E-8
1.7223365047211824E-4 4.160035760314429E-9
9.434544907768321E-5 1.2488502454388595E-9
5.083565127754011E-5 3.6239966583195837E-10
2.176286550997808E-4 6.642088767883081E-9
2.650399605560875E-4 9.851701898710985E-9
2.5964034884205225E-4 9.454497074123935E-9
1.0389714890607565E-4 1.5140876330477226E-9
2.9989694982440534E-4 1.2613292632579487E-8
3.2524747618547194E-4 1.4835944139868218E-8
4.857744588039566E-5 3.304496676292956E-10
0.0013595787477584899 2.592367215337177E-7
0.002161303177805558 6.551174527302805E-7
0.0019351143673975394 5.251714030318766E-7
0.001466871787526604 3.0176726606434556E-7
0.0038661083929424963 2.0962140109270777E-6
0.0013307867635236903 2.483732467473132E-7
7.054235188434679E-4 6.978902677978738E-8
2.803561006506323E-4 1.102334901137425E-8
0.003700833715252609 1.920820310696847E-6
0.004684681930142076 3.0778513256946027E-6
0.003203847878955372 1.4395655630883297E-6
0.0016186752694115922 3.674576344314673E-7
0.0029774157061733717 1.2432734278755575E-6
0.0033424267826963365 1.5667923990436705E-6
0.004272667591172809 2.560269660945025E-6
0.004850370523621613 3.299417071556121E-6
0.00324552779062007 1.4772647458638488E-6
0.003276618222329947 1.505703103088507E-6
0.00491349980522884 3.385862022309283E-6
4.5209482685584464E-4 2.8664678297651847E-8
0.004005880039374321 2.250522853297632E-6
0.0025419517082412206 9.06196423011707E-7
0.004597463660796533 2.9643129164647064E-6
0.001285090824515744 2.316090711440566E-7
0.0017124435987929407 4.112636694530991E-7
0.0018890407651206333 5.004612638748185E-7
0.004283262083413836 2.5729822621389786E-6
4.7104297012483774E-4 3.1117841192696005E-8
0.0011058976441513145 1.7152113229723653E-7
0.003088832426859361 1.3380624462877577E-6
0.0031712876779704116 1.410454101402614E-6
7.716310938166835E-4 8.350402247447875E-8
0.003910801302416038 2.144959343031161E-6
0.0015833712936116108 3.516036649608978E-7
1.7596059147027783E-4 4.342406434432178E-9
0.0030567764368675597 1.310433682344403E-6
0.0038987182146202233 2.131725405307705E-6
0.004399952578642697 2.7150852225377164E-6
0.002333858556429139 7.639005751292061E-7
0.0036584853667561037 1.8771122918259664E-6
0.0020704977523089115 6.012253893628028E-7
6.182489472213662E-4 5.3606171057651864E-8
0.001881800364387021 4.966322504351695E-7
0.0021503620987145156 6.485015047186238E-7
0.0012431440687082048 2.1673583960879483E-7
6.377825215003743E-5 5.704320349408931E-10
0.001536895022214 3.312655088016925E-7
0.002367271288409283 7.859299259171948E-7
6.401803652107854E-4 5.747687081836261E-8
0.001316123365733557 2.42929973359729E-7
0.003589672643379916 1.807162910649751E-6
2.8530116456584664E-4 1.1415653089486E-8
0.003179142328566872 1.4174495558405553E-6
0.00256660182455693 9.238569852465517E-7
0.0027817613774979467 1.0852442176023658E-6
0.0027190864078531973 1.0368925282833175E-6
0.0010258114948117052 1.4757848509905358E-7
0.0033376237132919182 1.562292675894028E-6
5.811791561539461E-4 4.737055026016179E-8
6.6171826380839E-4 6.140929065256984E-8
0.0036420256518962975 1.860259828512234E-6
0.0015847632937722861 3.522221494467459E-7
0.004391159076968304 2.704243639350956E-6
4.918817567882386E-4 3.393194414336165E-8
0.0019923798257577463 5.567139346185357E-7
0.004242610488324935 2.5243747487913026E-6
0.0044325292685041635 2.7554383278394212E-6
2.0352208583280973E-4 5.809071224049944E-9
0.0027948585747215923 1.0954874377633317E-6
0.004846757757953454 3.294503813866534E-6
0.0035250193193202507 1.7426518580387906E-6
0.0012752609629298394 2.2807934751956083E-7
0.0027014154134503325 1.023459056836984E-6
0.004466814760831589 2.7982296119111183E-6
7.59467752319181E-4 8.089211012141106E-8
0.004789942855238068 3.2177186019000104E-6
0.004076744682144989 2.330851257004163E-6
0.0018191344382222081 4.641062378851757E-7
0.004100754557249692 2.35838705253677E-6
0.002939108175213707 1.2114872660617948E-6
0.0016069632974526438 3.621593654967725E-7
9.297299885877246E-5 1.2120617842725778E-9
0.0042903880279510625 2.5815506047299763E-6
0.004102853803382052 2.3608022713395016E-6
0.0023146517048680364 7.513790810653731E-7
0.0017200930315398185 4.1494612545989185E-7
0.0030280226756354274 1.2858962946671326E-6
0.0012824543549725565 2.3065972110103417E-7
6.826739877038287E-4 6.536047092442487E-8
0.003045362088348792 1.3006653374336707E-6
0.002302788290739179 7.436966142915225E-7
0.004781283219517279 3.2060946411061053E-6
4.964304658120469E-4 3.4562610773392066E-8
0.003614684018889469 1.8324337828223847E-6
0.003918163417679883 2.153042734986954E-6
6.789859179332128E-4 6.465599988736415E-8
7.02664969043029E-4 6.924443618494536E-8
0.00458664185137077 2.9503741663106098E-6
0.0037082250443757825 1.9285005329328087E-6
0.0018245213736969254 4.6685901233800564E-7
0.04052683545285555 2.303231631770597E-4
0.025955197960583494 9.447610009927221E-5
0.036784598028699295 1.8975382620567416E-4
0.027856027107416338 1.0882016951985207E-4
0.045488105174155455 2.9016074424959015E-4
0.042459104492253485 2.528077646478666E-4
0.023209229037640663 7.554359122707854E-5
0.044352310181055815 2.7585297437204837E-4
0.027451406693611288 1.0568193077953314E-4
0.023029019483161654 7.437505045693182E-5
0.03651383334216082 1.8697080661722598E-4
0.026304318028092452 9.703467678090494E-5
0.01767117065254102 4.37937118059617E-5
0.025568804597242513 9.168420998317828E-5
0.0409519403521646 2.3518003248279573E-4
0.03743966019770319 1.9657181775423194E-4
0.015091968016690379 3.194292645347652E-5
0.002882710519945482 1.1654396404603418E-6
0.032089784580935414 1.444106216660357E-4
0.026467029223481625 9.823880650083883E-5
0.03845837572358553 2.0741380272815135E-4
0.022350794132592323 7.005884353039615E-5
0.04366826059391056 2.6741038757094326E-4
0.01106505229431625 1.717086516994648E-5
0.028482686394184633 1.1377115706812102E-4
0.039748860751506146 2.215659186750596E-4
0.04962541758634983 3.453367257345574E-4
0.01468891905629952 3.0259579254177105E-5
0.00937984412194024 1.2338922228627425E-5
0.036729836572961985 1.8918930946887347E-4
0.02383592865148067 7.967823612586855E-5
0.01915407070852385 5.145198105316329E-5
0.04627626276164728 3.0030180997331346E-4
0.012196381584443106 2.0861554753226486E-5
0.019977536224256402 5.5971002067778386E-5
0.005575385471290631 4.359503382955765E-6
0.020008943416895904 5.614712375123787E-5
0.018819901162199847 4.967236984776413E-5
0.016600445892739464 3.864750107673842E-5
0.011171922906205427 1.7504150750413672E-5
0.03365356961479066 1.5882745409112609E-4
0.007299072267702187 7.471745405052133E-6
0.037954171476454655 2.020112915664951E-4
0.029691451078268774 1.2363220002731268E-4
0.015755040586290764 3.48114054546933E-5
0.032601323202210666 1.4905112908136786E-4
0.009417356433504769 1.2437811935384069E-5
0.028765597194243438 1.160424037600638E-4
0.04368115224094873 2.6756828441287794E-4
0.03839364610898605 2.067162418974977E-4
0.03747961400109506 1.969915560929847E-4
0.04837561608567183 3.281633648456461E-4
0.026779902499921984 1.0057506109095726E-4
0.018144481386232147 4.6171062111355354E-5
0.018140423115978157 4.615041113875673E-5
0.030790421495796135 1.3295313322780888E-4
0.013093178160559838 2.404220673701829E-5
0.003966315825295965 2.2062876664508124E-6
0.02431865541237754 8.293811697768216E-5
0.013832637559570893 2.6834514087470396E-5
0.01526432523578958 3.267668995299289E-5
0.007169038404569459 7.2078973341049846E-6
0.0024073144592490618 8.127433447358001E-7
0.04613509154191842 2.984725868868665E-4
0.04097438526751904 2.354378761489917E-4
0.027706961997043682 1.076586781655342E-4
0.02046158806990163 5.871613740282555E-5
0.0051693100606160745 3.747593530389892E-6
0.010751542811154724 1.62116404064383E-5
0.01322782401965505 2.4539228944853164E-5
0.005674321172923722 4.515595414589235E-6
0.016259207117299803 3.707497622573719E-5
0.0013205890292680828 2.4458131453464205E-7
0.032269984777358526 1.4603696659543086E-4
0.036771541666496314 1.8961915639248428E-4
0.033537296820633125 1.5773191664125719E-4
0.01579397950770303 3.4983690219148045E-5
0.030304401995604947 1.2878918352698943E-4
0.017751691046651794 4.419371532160543E-5
0.0018574162789146151 4.838450216038126E-7
0.0029533227048017152 1.2232339029472072E-6
0.01178087064913858 1.94643388411464E-5
0.0029957052872997287 1.2585946022047878E-6
0.02204707496295335 6.816780306284631E-5
0.026629910156368633 9.945162837110555E-5
0.03611340939236473 1.8289277841687657E-4
0.02019113768697585 5.717426930629266E-5
0.04056418569625697 2.3074786361099164E-4
0.02276515939305811 7.268052106024214E-5
0.030627552402258614 1.3155038056222867E-4
0.04674200689592347 3.0637629684815426E-4
0.028617073357984614 1.148472354811636E-4
0.02611659367869707 9.565466359051644E-5
0.008892707001912973 1.109057707826544E-5
0.03737708024930923 1.95915277886205E-4
0.005113307090239197 3.666832562476685E-6
7.722902424010528E-4 8.364676251648717E-8
0.0385756250433923 2.0868033496557192E-4
0.025522811958987115 9.135467803811359E-5
0.04242203942348626 2.5236661524052906E-4
0.18646429721670357 0.004867704918727345
0.28976420868447844 0.011726109765356152
0.28673183420041215 0.011482970977734652
0.2386615680183964 0.007965553045953921
0.4795091322159779 0.03187773498606339
0.047464723415331665 3.159227367005579E-4
0.28467191930703667 0.011319239900680178
0.4710472426439778 0.030774951555976426
0.39272721936794786 0.02146446776994637
0.48937922238192083 0.03318768582340481
0.19475758149336536 0.005309491781043119
0.38122806919178026 0.020234905657080193
0.3033399970494759 0.012845438948360433
0.3549737603489763 0.017560779695574347
0.2680334628801386 0.010039354007904677
0.06414926559503545 5.770081046411191E-4
0.31771587682090996 0.0140855402923582
0.28591825508213303 0.01141816539808782
0.31525584566518533 0.01386933990603445
0.3313002697331736 0.01530903295929742
0.05344995879669043 4.0060891307736046E-4
0.03742656814358255 1.9643437533423125E-4
0.1471271952472423 0.0030325205243325604
0.40439972296325416 0.022748758369497524
0.028665950900838358 1.152398691787182E-4
0.4364404891219163 0.026460667866451515
0.3532971869618985 0.017396322267183018
0.42200253397316084 0.024754268918468547
0.48845030326020106 0.0330633168759743
0.2975492544208525 0.012361833799020339
0.4465738748192176 0.027691275977387186
0.23090687525331405 0.0074576803503706435
0.22342678083773249 0.006983518666920041
0.3927901564988602 0.02147129487209365
0.10044849249857657 0.0014143459128419522
0.3585558103251908 0.017914690267042732
0.23870179190323 0.00796823064067076
0.15985497218362824 0.0035791943984715413
0.23782276402331837 0.007909817793353868
0.4400692223587252 0.026898225365610484
0.01275897245167474 2.28305176980248E-5
0.12473045786167299 0.002180193753641535
0.08673766483746247 0.0010547267876205302
0.20410840093037674 0.005830488863813099
0.04535366634362639 2.8844833085694965E-4
0.009430336266264777 1.2472121182161011E-5
0.0049376934185456104 3.419287410988403E-6
0.40546697798625586 0.0228680010415776
0.43105611646992514 0.025817835581717685
0.19323011038433613 0.005226689264446249
0.38926497104105734 0.021090534227292124
0.3290982367574897 0.015107300787565503
0.31081441177987806 0.01348317546019473
0.09669470702681737 0.0013106606681054789
0.3281626369847489 0.015021987196776387
0.18023032724192886 0.004548186361375772
0.24775611298236136 0.008582298952355294
0.16179310601385619 0.003666396888599932
0.3259768546462246 0.014823600679300108
0.31828729599293415 0.014135995246325805
0.3454201269643535 0.016633816772458343
0.40852302055968986 0.02321112835320449
0.42628256470993986 0.025254353440788968
0.3885251284964349 0.021011045214254676
0.27670791332888955 0.010697154423318311
0.05872227089461627 4.8352474002832935E-4
0.3881175454814336 0.020967316956623794
0.45460873091233656 0.02868630278093376
0.3200660000243325 0.014293619076672148
0.43112284657003286 0.02582575539057108
0.22379496048333064 0.0070064958863758076
0.23779664055407457 0.007908085105869045
0.005759157298956378 4.651628860430357E-6
0.22820730804193554 0.007284773433662739
0.3898745417193848 0.021156136937532377
0.02396735969498455 8.055932316464176E-5
0.059566532855052895 4.975256680388451E-4
0.4550560514400217 0.028742198304493316
0.233907849649663 0.007652253267249831
0.2084119325177975 0.00607840756884559
0.49383040890336855 0.033786755414107805
0.03312799229893267 1.5390555557337482E-4
0.43873303459153257 0.026736700941673353
0.31013422620849046 0.013424510490425368
0.43651016612223736 0.026469036809548596
0.19779605682739634 0.0054761276511022805
0.17337980246343374 0.004209515593714186
0.10234170266076537 0.0014681341206421727
0.10774153937906562 0.0016270547778037825
0.4974629202525356 0.03427946393774628
0.4550553985855213 0.02874211668781368
0.27387567188336553 0.010480111093141287
0.2503738991695529 0.008764046363740396
0.14421095584239566 0.0029136192507097647
0.3502176274134287 0.01709622195694982
0.25752183214617136 0.009269916504820563
0.2960560314675713 0.012238614231050104
0.10119478589124026 0.0014354292673235403
0.09440102244301413 0.0012492454527562868
0.035457715837141544 1.7631209446478113E-4
