1.1645855038484785E-15 0.02320437722876678
7.955877426540258E-16 0.007443141320539026
6.997591381903739E-16 0.087846047431975
3.609425874291375E-15 0.01610469300235773
1.455132031094631E-15 0.06773570073004687
1.6751492322302247E-15 0.014594878389820654
7.518907071726477E-16 0.14009785748201387
2.9840101971731095E-16 0.0973562189287972
2.006691580627316E-15 0.016082664583025652
3.4729902225411604E-15 0.008327800872453883
1.054849070317797E-15 0.07069106290437621
2.2787263951016673E-15 0.021330651680145696
1.8377945362414677E-15 0.009311875941845904
1.518826376524751E-16 0.23232574730469457
2.491368592982855E-15 0.01334604981989218
4.9716470921272305E-15 0.020803399218730867
3.3832340959814936E-15 0.0074119826220064855
1.646552037759789E-15 0.060439892339572476
2.4397535326006697E-15 0.004173637292861465
4.716882173779674E-15 0.007861042049884137
3.947919482556656E-16 0.16622412882120607
3.9837179249665755E-15 0.01317886899980747
1.870438821176666E-15 0.010482974466331951
7.945138551909353E-16 0.008590557732894188
3.46356098778118E-15 0.01331250039077514
9.614542373423528E-16 0.05240337171214793
3.0290080746113805E-15 0.007657380109035494
3.5545464599992083E-16 0.17363034264319066
1.902423642020056E-15 0.053357030094349
6.39365131221008E-16 0.0021887514919789464
2.940806776525996E-15 0.03608798420664505
2.9031010348379885E-15 0.022440707917021463
4.540715624069011E-15 0.012194999052008937
2.80610887665979E-15 0.009165825045822418
1.5513901113341955E-15 0.024458802945828917
4.274446624546317E-15 0.01897709180730711
1.5778357868466553E-15 0.03815252141220504
3.53709535427814E-15 0.00707366774785767
1.773967859741765E-16 0.09729153436207094
2.905841118869967E-15 0.023213018477582392
1.853720713051621E-17 0.8414709848078965
4.932719290978695E-15 0.012451283339209085
1.0840407428618787E-15 0.04612783870889192
3.5367460057884685E-15 0.006991248642266301
1.3698618407488016E-15 0.016269554743654213
2.1362788618545464E-15 0.02469482376179999
2.4282661750813495E-15 0.008174113932551297
4.042524342770271E-16 0.14264162262472047
2.218157038713684E-15 0.028132531520527082
7.707736508775159E-16 0.15728057936712736
4.510709885481048E-15 0.004627476898947824
3.411789479477658E-15 0.007301115576005102
1.0243392824802589E-15 0.034635490446764616
1.0050587263018911E-15 0.05144228956439689
3.2649707051247455E-15 0.017131860472889282
1.7173662063439837E-15 0.011836507506299498
2.9765481632874036E-15 0.024000995358961164
4.562375323366004E-15 0.01631380588231124
1.7928163964614274E-16 0.08742197948264108
4.6798547249994246E-15 7.115120899725547E-4
4.021556680277192E-15 0.005137483719057201
3.1180659024716126E-15 0.007693787453023182
4.3935386236902056E-15 0.0050555740892727075
1.2623460187991265E-16 0.03527013014217484
2.597852543027057E-16 0.2716552074882145
6.98319169113994E-16 0.08629203509348082
2.54373512533485E-15 0.019482874141119266
4.458385349015149E-15 0.009332220765155386
4.733489163673066E-15 0.004850747146911805
3.888082951231765E-15 0.019923392051146682
3.620774899711798E-17 0.8414709848078965
3.204924765874981E-15 0.010083213253475276
2.6366909384980986E-16 0.2800485804778401
1.8838180074388943E-15 0.016384788403843498
3.8256977475377705E-15 0.02407024058021867
4.241756935870854E-15 0.00391387521573372
4.398477328644943E-15 0.004105075860370677
3.685559681023126E-15 0.004499938833054218
1.444083901127321E-15 0.07469169104413376
4.05440745579336E-15 0.005123629873668101
7.243738145265027E-16 0.1134546952604022
2.012786330548306E-15 0.01348597811037544
3.980747500732581E-15 0.013816606670147835
9.588775790048521E-17 1.3239026706204269
4.761006264103802E-15 0.001983979973444794
2.8498915235545445E-15 0.0039024376489814605
1.950875882711102E-15 0.04536018781557449
4.505742935873026E-15 0.0037049743077567365
2.411772110727612E-15 0.017820945559601675
8.795875475968074E-16 0.010516946700106944
2.5046194497032236E-15 0.002951628704474518
1.1991034483244483E-15 0.023612436860328545
4.4742409593331835E-15 0.014348921187807728
4.4463626866788114E-15 0.007082174135572772
4.227862528273121E-15 0.001161335418323306
4.6089744120219535E-15 0.015670592210481504
2.0280951353078996E-15 0.002470603450289599
4.1071509087307515E-15 0.0080008408246115
1.8644735543479353E-15 0.007824280165410591
4.1706594446409846E-15 0.012582333286902392
4.61297451961845E-14 5.159201933331303E-4
1.2726627026277616E-14 0.006911004357688877
2.6502504148055647E-14 1.94044723420439E-4
3.9741318559460027E-14 8.066598647787915E-4
9.84582549598445E-15 0.00798083946309669
2.920364054403985E-14 0.0031310717938964894
3.590379385618567E-14 3.8810674871336825E-4
1.8783283817957004E-14 0.001788477781022757
8.946448908774009E-15 0.0034193737092724774
4.868881655650456E-14 4.4159063338011784E-4
4.935075405838463E-14 9.90156611300197E-5
1.7807548227173767E-14 0.00292210145169014
7.787802250398164E-15 0.00631154656417654
4.64364774992027E-14 0.0014883311028025537
4.3121752355111344E-14 6.416670667742652E-4
1.6664592605119696E-14 0.0024035287679670114
1.456077079328114E-14 0.007418348248357631
5.348915523931469E-15 0.00260795915914136
3.4608067333331956E-14 0.0011608164022473
3.522338861305403E-14 6.245557550584868E-4
1.945140803641771E-14 0.004216096082670151
1.0516193092788607E-14 0.0039904837188415865
2.7685593890427243E-15 0.006031209237292168
4.1959135956636634E-14 0.00170908181576912
2.836060082111769E-15 1.8237719235747463E-4
3.6090175916958734E-14 0.001677100789799657
2.928809360119404E-14 0.0025909862989895727
3.802112967438504E-14 0.0024530883357785083
4.801583535198606E-14 0.0011783023873037646
2.9517500389332264E-14 0.0011480436825005436
1.3164754346484898E-15 0.05808085016401998
3.372852583142222E-15 0.004844780520384728
2.6442380034305768E-14 0.001058141991879702
3.511909218583052E-14 0.00267032814951651
2.2768191176233272E-14 0.0033310353766939915
7.4655405667654E-15 0.011150284555247914
1.4646705728737432E-14 0.003701093735500538
6.2792436037934065E-15 0.008682746051392964
2.0079239277284033E-14 0.0010312778418173352
4.80881052015513E-14 0.001983912468112914
1.1550504430202392E-15 0.016449501782303422
3.3095130427423076E-14 8.537016577928602E-4
4.5896771161296763E-17 0.8414709848078965
3.853043485623671E-14 0.0018241222574090221
4.8560544687020565E-14 1.2524683214543142E-4
1.0238053833900158E-14 0.0010545755529739465
2.1911219016988268E-14 3.6295724956525444E-4
1.500373859127802E-14 0.0027049025691477935
4.0616701065491096E-14 4.208542983470398E-4
3.799057916050821E-14 0.001534853152254656
3.3218655139540986E-14 0.0010336849786604096
3.3380741696112545E-14 2.8564147120291317E-4
1.6728540133706035E-14 8.368580510321744E-4
3.794914104523946E-14 6.176948376449554E-4
3.9118113429381623E-14 2.7115590440807136E-4
1.675016966284536E-14 8.031599979119175E-4
2.6539381435180057E-14 0.0014647859762099147
2.3719551807660228E-14 0.004551795589622487
2.7788378741296407E-14 1.319939817130411E-4
3.024123934583312E-15 0.01208812457071995
2.544615285241743E-14 2.3002362930713005E-4
4.6083281575659224E-14 5.32739404839333E-4
1.0430761201799873E-14 0.0047062859599342755
2.489355357832541E-14 4.116395904116832E-4
2.782329654393687E-14 1.422267709116909E-4
3.1575221850186395E-14 5.320317388595175E-4
2.892396534913777E-15 0.019409550386898622
3.279621708799234E-14 0.0022942828306591334
3.8495122590115946E-14 9.153227478378989E-4
3.1890695525078173E-15 0.005949772357374261
2.7393622456785362E-14 0.0032060591344492684
4.52431118725667E-14 0.0016499053257075236
4.4568740303445135E-14 7.065107935984027E-4
1.2014350947100384E-14 0.004407852918664301
4.706236385216796E-14 0.0010606863258489918
2.984355138001332E-14 7.184873242227496E-4
1.9124452918310062E-14 0.00454689918580764
1.9009479195817294E-14 2.8313955666825485E-5
1.3019500886612252E-14 0.0048720213771796805
3.267565804648131E-14 8.217173360800523E-4
1.545776684398803E-14 0.0030476658897852227
4.6828162299783764E-14 0.0013643217060762547
3.612679420441334E-15 0.01684801036005512
3.326821029252794E-14 0.0017254132611245199
1.5576926940987903E-14 0.00519455675383107
2.2641822419704375E-14 9.435457612575471E-4
1.8062057872451238E-14 1.1659542075492801E-4
7.391412914341316E-15 9.255730083153058E-4
3.9482183108202255E-14 7.109050941247474E-4
4.238636317161188E-15 0.0032972390641431426
2.259992291811619E-15 0.04728218912905424
3.009830459224008E-14 0.0020017680164335916
2.238771057798249E-14 0.0019847679092661608
2.3330141627044026E-14 0.002741365338473356
3.2757688029437434E-14 0.0035691389775414084
4.701514629394444E-14 7.672653379748873E-4
2.5494418816604822E-14 0.0011767994398763637
4.195928049050537E-14 0.001706177378999807
1.607533915603987E-14 0.00110662857563526
3.2748302985367345E-14 7.089146937149238E-4
1.2181623435544993E-13 1.9923153585921227E-4
1.791232272767396E-15 0.0047279749645320335
2.4388320589763025E-13 3.6260769939311377E-4
4.1456720557792193E-13 3.4253576492337956E-5
4.555782783276768E-13 3.159903834659694E-5
3.5759434513949064E-13 9.738994287222802E-5
3.537049218893209E-13 1.834941343272778E-4
3.613330544249823E-13 1.842091914806554E-4
4.5195624679610313E-13 1.8682720660612162E-4
2.9578572144933283E-13 1.6181717176688704E-4
2.351670153642607E-13 1.256036845443953E-4
9.94509610346916E-14 3.5162851075387636E-4
3.057299898413747E-13 1.0228083861341108E-4
2.3571191244555664E-13 3.7811766588169426E-4
1.2620076912186264E-13 7.446211075480269E-4
3.5101298483309993E-13 3.108159496501006E-5
2.6253076414665637E-13 1.2041678311847104E-4
2.1627524280570484E-13 1.4668037635501285E-4
4.4245731703099073E-13 1.425222679369842E-4
4.214986569319916E-13 6.670143538523021E-5
9.156621798207795E-14 9.148696388794342E-6
1.7677967343406356E-13 3.3428881256081233E-4
4.502100929628871E-13 9.6356290439914E-5
4.5347475855532814E-13 4.565153869162675E-5
4.1416362158557937E-13 1.5253451854424505E-4
4.934705544562423E-13 3.5953963259172106E-5
3.635340271423253E-13 5.058351612885481E-5
3.780436766248297E-13 5.719666213777064E-5
3.249484837512196E-14 9.84330108239173E-4
2.381275972304087E-16 0.18097805167235903
2.3790831326610105E-13 1.6071332122880033E-4
3.347466874073246E-13 1.1790343652584578E-4
1.9044401681996096E-13 8.782833870402129E-6
1.6970851439415166E-13 1.7742050741664794E-4
2.9654919019373166E-13 1.6809581552923447E-4
3.1744455006077224E-13 2.2631880900458867E-6
6.430161406371039E-14 2.3996193211295314E-4
2.818250072259473E-13 2.7656588410129856E-4
4.1806502087374715E-13 7.376799126435074E-5
2.4363963333361606E-13 2.884014536054247E-4
2.2481644645961232E-13 2.4405655508541457E-5
2.610259294693607E-13 3.999528962711496E-4
4.344354454305087E-13 5.1487623520141135E-5
3.7769736939805075E-14 0.0011717220584668286
3.341094205893802E-13 1.1703209801028347E-4
4.2025484794623294E-13 6.968086835223986E-5
1.3685199369266378E-13 3.3143813045244386E-4
1.651955998393593E-13 4.033610379808872E-4
4.410508914865813E-13 1.5366172402941913E-5
1.1029230728998081E-13 6.227475693054707E-5
4.636175363604623E-13 2.5162891642671603E-5
3.529201642234431E-13 8.807843754021771E-5
4.169258544528575E-13 1.279740185378131E-6
2.3627750123424304E-13 1.0994374715733723E-4
2.4908704129034857E-13 3.767993634492539E-4
4.855193275380441E-13 4.3043052470159715E-5
3.2955901282227873E-13 1.3775538984039937E-4
2.697920068554548E-13 2.401994548171249E-4
1.4554242358257148E-13 2.1045825349608194E-4
3.703301073991023E-13 2.2230394793643082E-4
3.8854441337140883E-13 1.9712958929973823E-4
2.545066369922104E-13 3.5538407266200167E-4
3.909292690468542E-13 7.981177013949292E-5
2.2463367041699097E-13 3.384212275071574E-4
6.821859086741656E-15 0.006158893362340878
3.761465687141948E-13 1.0128652837493313E-4
4.845435556458957E-13 1.9223659766143264E-5
3.4938711107652616E-13 3.451620173333669E-5
1.4565169974789684E-14 0.007161954518435709
4.4340848146764327E-13 1.1880630453697805E-4
5.004137711273471E-14 9.875420468251628E-4
1.899916620669279E-14 4.8509048059497406E-4
1.3019484382693943E-13 1.1196464906693127E-4
1.0546765712387197E-13 1.3613190779704354E-4
2.1055512273651684E-13 1.178793607422568E-4
1.347114824429235E-13 1.5244950656534417E-4
4.403004110811869E-13 8.383808851619712E-5
3.138416784106812E-13 2.7683642630049743E-4
1.7423460383532374E-13 4.296130046933522E-4
1.6033863333520567E-13 1.7027055359131182E-4
3.6535545333045757E-13 9.240676984312302E-5
4.2163141363361276E-13 6.661077633995927E-5
4.301916355652222E-13 2.494992724297873E-4
2.834360866812228E-13 9.644961084986914E-5
3.9133085616183796E-13 3.6077308379622863E-6
4.015387683463826E-13 1.5156733899690522E-4
4.846119996840748E-13 4.235016085640808E-5
1.2240728608473646E-13 2.922127882419856E-4
2.286594832796595E-13 2.0484931173303522E-4
4.555647327973611E-13 6.580107142717395E-6
4.2470870268249475E-13 4.531350798908651E-5
1.3062689964700466E-13 5.103428539443566E-5
1.9478291433655817E-14 0.0025739191811586792
2.839199317129749E-13 3.3848818460913144E-5
2.842255780073128E-13 1.705593827966423E-4
1.3234898809008642E-13 4.563495780252058E-5
2.5167132869259205E-13 3.2719492877197887E-4
4.784341365030815E-13 4.509561136156748E-5
1.9836057583622374E-13 3.360154184051112E-4
1.6198520709599946E-13 2.3945114385071076E-4
1.5395992144003121E-12 1.7747107572407828E-5
4.066296509303253E-12 6.868490601719124E-6
1.7826306217874108E-12 1.5774445838556694E-5
4.682794226434483E-12 6.814386754538937E-6
4.0133898163030987E-13 1.2465032140440702E-4
5.662788056164137E-13 1.728793250899141E-5
5.6698858385779714E-14 6.772219961378445E-4
1.8797182007603565E-12 1.817996118669285E-5
3.4249031553733122E-12 1.4293998396364138E-5
1.2018688127030681E-12 4.499993726303497E-5
2.4677970468553283E-12 2.2509470095966044E-5
2.8973658015309027E-12 3.3684295052127666E-6
4.2464398604502466E-12 5.093740238160116E-6
1.0142186945720967E-12 1.11800485774749E-5
2.1112558931758E-12 1.3053960766895578E-5
4.3849404303842236E-12 4.601939451509551E-6
1.9209651564287795E-12 2.9950439649484295E-5
4.521393967691895E-12 1.7258988769253136E-6
3.3599099829919282E-12 1.0846753349280647E-5
4.326393449457151E-12 2.655419915731372E-6
2.529847615394637E-13 2.6913214070145575E-4
1.5122003152946248E-12 4.270845027043446E-5
4.5982424707130935E-12 6.73692750141619E-7
3.222960436794254E-12 1.2302726752122517E-5
1.4441178405586666E-12 7.859559374101543E-6
2.6511290477902166E-12 1.6305069536204364E-5
2.591417511557275E-12 1.2389570261284177E-5
2.2539478665099273E-12 3.7806207536794645E-6
1.7757713984889973E-12 1.136998590567373E-5
3.4925985342401166E-12 1.9316098546773297E-5
2.625707922360136E-12 3.60697106995822E-5
2.2019319342875686E-12 9.028111279008044E-6
4.452139116095819E-12 2.0916300087492345E-6
7.614550226587381E-13 6.711362844291635E-5
3.229672080505673E-12 2.0632133178599688E-6
7.79477071999335E-14 2.926638795552883E-4
2.917277112675799E-12 1.2400092090469883E-5
2.0467350628921985E-12 2.3727870182788102E-5
2.23953987217153E-12 2.623535086432316E-5
3.0629104622218777E-12 4.502465813072121E-6
1.9297335262482585E-12 1.3343459850378991E-6
4.376982872440373E-12 3.321178535853342E-6
2.2076181270935993E-12 4.323644091341894E-5
1.5934240018375904E-12 6.039559357062796E-5
3.4291865612643867E-12 1.3830125851987951E-5
3.4979540784213967E-12 1.023539976663379E-6
2.6691241094498117E-12 3.4895854066352427E-6
1.6329535651075202E-13 6.214009345461013E-4
4.76177140450531E-12 6.891195401093064E-6
4.057324712113413E-12 1.1356251126137806E-5
4.580713566700132E-12 1.6049612483692854E-5
6.864912299586996E-13 7.417566303402623E-6
3.1442547704473914E-12 1.4366491094874867E-5
1.3160670866109404E-12 2.3600372034304762E-5
3.32306521855685E-12 2.8620536051127132E-6
4.072930767523665E-12 2.1772955949073136E-5
2.3419397299604925E-12 1.2153267899162046E-5
2.4524387675519867E-12 4.4755444460364835E-5
1.0202390464613928E-12 6.0442063186672E-5
1.0054300588937429E-12 2.3609618280628908E-5
4.1116124542250174E-13 9.54643498879415E-5
2.0738664015507173E-15 0.01953370508129726
1.5701251522510708E-12 9.810795863596233E-6
2.7742711155367617E-12 2.0980280697635578E-5
1.0144621715012437E-12 3.721844682880171E-5
1.4864527422796006E-12 1.9908721529349194E-5
2.70315372392441E-12 2.719843931642263E-5
2.425287296951612E-12 3.560006476910349E-5
2.5500943161942017E-13 5.26288358652538E-4
2.8220650874355085E-12 1.7138039404174243E-5
3.590534867284616E-12 1.0939961263556341E-5
4.0801818164612205E-13 2.2922464153007915E-4
1.196544338325864E-12 5.7399715787109784E-5
3.673872740231239E-12 1.3496875165275313E-6
4.008652475250286E-12 1.3377361367639118E-5
2.3724015350414766E-12 1.4137231494903979E-5
4.23613142825238E-12 1.7974764909500784E-5
5.192139987461353E-13 9.487105153827002E-5
1.8328352772080777E-12 4.659770262471774E-5
4.755635635071416E-12 8.733064377319799E-6
3.2792001983687277E-12 2.3642889679487133E-5
2.822083959890464E-12 2.968885826237777E-5
4.681580201181123E-12 9.81871113359123E-6
1.3252576792706774E-12 7.857932909105525E-5
2.2985049782540625E-13 3.728020741596838E-4
4.3827620721678444E-12 2.3338869998501544E-5
3.861405360578857E-12 4.42963880531444E-6
9.001469654158901E-13 1.2616771637663504E-5
3.654116017370281E-12 1.3775457936793245E-5
6.240479036782927E-13 1.9468265999977863E-4
4.372861599820594E-12 1.5672179260239893E-5
3.0580800031823434E-12 4.622392003605924E-7
1.5998607138723128E-12 3.3718976267804734E-5
3.3029058123483365E-12 9.642965752787447E-6
3.6298316306111048E-12 2.5122219377116117E-5
4.7566233286157736E-12 3.265276018682428E-6
3.4642081154489958E-12 8.383165674419324E-6
1.895105633468648E-12 8.872406769055985E-6
3.717100249050339E-12 2.671916140450925E-6
1.4435673319525647E-12 8.141760694657663E-5
1.4878772218811822E-11 3.5621140093144987E-7
6.904909952955486E-12 4.897068685005834E-6
2.4652766927045964E-11 2.4687736288608875E-7
1.4137680574559822E-11 7.283782049949394E-6
3.92553142721114E-11 7.416942140459071E-7
2.4577890966452512E-11 1.6667310548390546E-6
2.357505404884993E-11 1.5743798642553486E-6
1.881177044231472E-11 4.704665301780153E-8
4.192215822385997E-11 2.2577146894242617E-6
3.390419796454478E-11 2.248344398547708E-6
3.299001878201465E-11 1.1957510087645673E-6
4.478003041533616E-11 7.663897715337598E-7
3.3181931133458844E-11 9.659352320223746E-7
4.9285504633566874E-11 1.1765931495766324E-7
5.783000978176985E-12 3.1542231619940964E-6
1.667366160560937E-11 4.7531303074555E-6
1.8579562824977224E-11 3.854773477085516E-6
9.676777035458106E-12 3.810773155810132E-6
2.9282020905900526E-11 1.1177830715469739E-6
3.8614644353512814E-11 4.2714758996531543E-7
1.9939303331570805E-11 5.652730035166087E-7
3.910313846317397E-11 8.23497809054885E-7
2.454770460827933E-11 1.4789866356057502E-6
4.874192888544869E-11 2.967662114938818E-7
9.513468555117251E-12 1.1432420667922827E-6
4.994886382966694E-11 5.220082233137191E-7
3.344306623159036E-11 1.4134875312432627E-6
7.0531248963979905E-12 1.5381179777729237E-5
2.9980050476217933E-11 1.0546303395031487E-6
3.3447557302797344E-11 4.368555375222627E-7
4.681108567251895E-11 6.63567394809661E-7
3.552686781946119E-11 7.503824641652557E-7
4.2411055697038083E-11 5.2656944804496675E-8
4.220288836191981E-11 1.1806610358267022E-6
4.412904419597202E-11 9.442911453882985E-7
4.379763299868465E-11 6.062756316982387E-7
2.1530757447379115E-11 3.429336633331559E-6
2.822075495192423E-13 9.122388916216195E-5
1.486208302405359E-11 4.566437104225329E-6
3.32739330532467E-11 6.068875404441343E-7
2.592747601233592E-12 1.5844042698942573E-6
2.7450721581595425E-11 1.3494445247896891E-6
1.4404486913820133E-11 3.586270524991164E-6
2.7522475278127205E-11 3.4001025669416762E-6
2.7026994410386515E-11 1.932112345559567E-6
3.545179439257393E-11 1.2857687750056357E-6
2.2975682980456718E-11 3.7261679930455927E-6
2.698498316434991E-11 1.2454546272078204E-6
3.464284888783673E-11 2.880032056062909E-6
4.5889364319992594E-11 6.775662497737756E-7
2.4128979850949344E-11 9.949529859998307E-7
3.165103405849708E-11 2.635385701998949E-6
8.621212060801549E-12 1.0412386634461868E-5
4.123132739823844E-11 2.3846256089754547E-6
6.34594046531345E-13 6.29779829277588E-5
1.617940828447553E-11 5.4583802924224045E-6
4.578884611345628E-11 5.914443127474911E-7
4.272812799662177E-11 8.616770906799687E-7
9.414488742769867E-12 4.378925591685956E-6
2.8142088190811952E-11 1.6032869620818957E-6
4.874008102805797E-11 9.452087612604743E-8
1.1628718569898169E-11 9.319824079145889E-8
4.393512481504896E-11 1.310941623366979E-6
1.155916770244668E-11 2.915735175301748E-6
1.8255920553606177E-11 7.544864857322864E-7
4.297639801603022E-11 2.481194174341894E-6
2.2005176297328198E-11 1.6167097290908927E-6
3.4699601847363014E-11 2.7029020621682776E-7
1.4167831142127531E-11 6.77277951210975E-6
1.447996951871304E-11 9.943089873676314E-8
4.927883048199007E-11 6.763088086225721E-7
2.324183932247875E-11 2.622652610195786E-6
3.232534850312941E-13 2.458731980410356E-4
1.648102328924129E-11 1.0648445025740472E-7
3.931270487251343E-12 1.131710167545652E-5
1.732003855276095E-11 2.372247625337387E-6
4.4632150179018854E-11 1.61084883876228E-6
2.2876038955812962E-11 5.066053870517173E-6
1.5951483168314715E-11 5.399340845091416E-6
3.372571225808988E-11 1.154084413479417E-6
8.30866207018825E-12 2.457752760309795E-6
1.7002414988230378E-11 2.0679264751688464E-6
2.5288530775058516E-11 1.9656603578166454E-6
2.259125566731199E-11 2.043090642667167E-6
2.9369210827880796E-11 2.3933120046892853E-6
1.0960417083164765E-11 5.953618690379692E-6
4.669094154312293E-11 1.9936348628624145E-6
1.1251006182297681E-11 1.3038033394030535E-6
3.420815703152731E-11 9.97269228419917E-7
4.161838567406006E-11 1.5156708299546295E-6
4.54949049961679E-11 2.7064802798904E-7
2.6657057821099525E-11 1.3725891550020464E-6
4.764438810322433E-11 8.767567948320121E-7
4.163651411278755E-11 2.20372775028288E-7
3.784546488194974E-11 2.165251585695138E-6
3.1721266223287825E-11 2.1264106424556672E-6
1.6216962080479252E-11 2.299665923577443E-6
1.92448227104387E-11 2.555391145020458E-6
2.087590275496589E-11 3.119037911503142E-6
2.6145073050847795E-13 3.663331783344548E-4
1.1705226631808476E-10 2.0165404901462125E-7
3.6223883158465047E-10 1.3988101954520715E-7
1.3224054878164689E-10 3.1215595097666693E-7
3.984900100745585E-10 1.923730874597851E-8
4.185856579969632E-10 2.076557318320127E-7
4.956224312207356E-10 2.325124781599186E-8
4.393028290114388E-10 3.24849372956848E-8
1.786682463735767E-11 3.421488116384097E-6
1.3143218175058957E-10 8.571614074082134E-8
2.8602362005361206E-10 3.237273848988309E-7
1.8240366988458687E-10 3.4349642241693346E-8
4.26896294028141E-10 8.067968682023974E-8
1.5948366432547897E-10 3.6417213356010336E-8
2.6137292889672994E-10 6.624274995203905E-8
1.212758727466325E-10 3.852806398363384E-7
2.269910725403037E-10 2.2788263487338867E-7
3.61409581297911E-10 5.3389570653372687E-8
1.888320280299043E-10 4.4628932249768383E-7
3.451769787511039E-11 3.9243557958812403E-7
4.1227794251439396E-10 1.8357218234399397E-7
3.8118486611413565E-10 7.388176126443824E-8
4.0028255349833186E-10 7.980545946306705E-8
3.658911195356049E-10 2.991382530570519E-8
2.231696451514185E-10 7.467207796540976E-8
1.3581242485692608E-10 1.9279795626658824E-7
4.146224640587754E-11 2.0242343785614736E-6
3.9095100445813105E-10 1.0667270844422205E-7
1.8180103056018061E-10 3.404228008374588E-7
4.71302860687485E-10 6.517638428960026E-8
2.2663632064193225E-10 2.592949048807469E-7
1.3503848565481802E-10 1.239697856592059E-7
1.3141040599015165E-11 3.6383722196164925E-6
1.4494663924054E-10 3.679770130826654E-7
2.6282083754833473E-10 1.5200370706569544E-7
1.4720701883792636E-10 7.095637873932858E-7
1.2678369182853907E-10 2.3361220036210995E-7
1.7011795373154726E-11 4.002934735902741E-6
4.928285598321648E-10 3.230910439189216E-8
4.36309872696883E-10 8.607888957179455E-9
2.587374756871189E-10 2.3089515910346137E-7
1.382226518344097E-10 4.7376397527276737E-7
3.9478701171854853E-10 1.5366729999577444E-8
4.0526269227118985E-10 1.1750701323087753E-7
2.4997401997995916E-10 9.036889048186225E-8
3.0072280060448465E-10 4.854682600363702E-8
3.672820064151095E-10 4.657323104950706E-8
4.774051881329862E-10 4.908307793538569E-8
2.690633183750077E-10 3.460364818019812E-7
7.969831101067382E-11 4.491788410110331E-7
1.2390916828956352E-10 6.266761758411121E-7
2.949210340979094E-10 2.1844100084322804E-8
6.991419126322374E-11 1.4693770934437467E-6
4.3043464115400574E-10 4.469866810019596E-8
3.1876952288098344E-10 2.9002131252120478E-8
3.8343519445400224E-10 1.0053621035677196E-7
1.1245501127644748E-10 1.7095155580015842E-7
2.1303577115245275E-11 2.7736743051232082E-6
4.2532443878142783E-10 1.2979951891090025E-7
1.91931556863581E-11 3.6210892223609292E-6
6.403134838173497E-11 1.1345881708590966E-6
1.77023947893895E-10 1.3376424956579314E-7
4.950289714014462E-10 1.5228350069840246E-7
2.056366168073185E-10 6.694724652422934E-8
3.423631389145716E-10 7.484159736392826E-8
7.851277948980191E-11 2.2693714396559983E-7
2.292915608157088E-10 1.6427898041904143E-8
1.6472537980041127E-10 2.348489724912639E-8
4.570960110613055E-10 1.0437254649442451E-7
2.1574088608051164E-10 2.3326681297675123E-7
3.0856195506438887E-10 2.1695233909380107E-7
7.501529108632849E-11 5.065644899104882E-7
4.5629721137461334E-10 1.6063733754290155E-7
1.8230005884256942E-11 3.801679761883392E-6
1.3572813665961289E-10 3.426383591298432E-7
4.4328731003618123E-10 1.4129268532947492E-7
2.86688415529594E-10 1.0258411842212212E-7
9.41756635373437E-11 5.594037151279707E-7
6.750704282359478E-11 1.3898582096327772E-7
4.794329053241982E-10 8.135384033103321E-9
3.3197384316747457E-10 2.105516082595571E-7
9.365321482987716E-11 7.736856937334835E-7
3.271424974276451E-10 2.2303003832657708E-7
1.5533615334057466E-10 5.497378420260546E-7
3.0231363401484327E-10 5.491892896003492E-8
3.739616714035336E-10 2.1981667264192595E-7
1.144780503398174E-10 2.816305603170477E-7
2.6765296361196113E-10 1.0041978548702701E-7
9.808896221049025E-12 9.839656093135751E-6
3.8588281241747527E-10 5.969637439928732E-8
4.5535101426958174E-10 1.8341435181756793E-7
2.916732163357949E-10 4.447121126904818E-8
3.7980596960635663E-10 1.4214005017443299E-7
1.8480835910957062E-11 2.056634344604902E-6
6.125803270885583E-11 3.6935506320112665E-8
1.0886158127190154E-10 4.3764074331154035E-7
3.1589429188931476E-10 3.588095686124504E-7
3.7040123863361585E-11 1.7186465390839345E-6
4.023714687681729E-10 1.5082049553694077E-7
3.1420797649581135E-10 3.628238443020848E-8
2.576632428910817E-10 8.589309397066813E-8
2.238367317131536E-9 1.512543934545363E-8
3.3223963948427267E-9 4.3121152204506075E-9
2.6117882618795622E-9 3.244617985398435E-8
4.446000050167597E-9 1.849986475122023E-8
3.846615944397387E-9 1.9905737502767806E-8
4.408830444785759E-9 4.710285494979871E-10
2.818454589090161E-9 2.0017288937523858E-8
2.695173765492926E-10 8.113712512969329E-8
1.5361210317727417E-10 7.055709213554806E-7
3.5450240975923567E-9 1.4992834196370097E-8
1.2767603248487084E-9 5.6169258799698696E-8
2.4494196357460707E-9 2.1475839329099244E-8
1.3213423583390096E-9 4.6828136923693364E-9
4.4464357790996925E-9 8.079290125806438E-9
1.1251259906986017E-9 4.291289745772531E-8
4.314221873699098E-9 1.3054763936537483E-8
5.692002336500131E-10 2.1124971549824068E-8
3.5741769869332235E-9 1.1480062900304233E-8
2.034150585028729E-9 2.773063711991597E-8
7.985643768692032E-10 7.386402278708459E-8
3.1493788801731137E-9 2.8637741289472274E-8
4.242547538159259E-9 1.058740084491916E-8
3.97339043036917E-9 1.6793352486388358E-8
1.5947770014087105E-9 2.7827108395328537E-8
2.452832501838966E-9 2.192420811564233E-8
3.696717052153504E-9 7.769850762784358E-9
1.4202462096166187E-9 1.3585473523924918E-8
2.525215707825377E-9 3.3599704352127446E-8
4.474600920856909E-9 5.689755666615781E-9
2.886657974123205E-9 1.764227675060681E-8
3.080081808841667E-9 1.0143761830505582E-8
4.346340448111177E-9 9.413117396661619E-9
2.8682592368614502E-9 3.097873235713422E-8
1.2659751208019956E-9 2.4864811654090602E-8
2.953298597997045E-9 2.9211284058305864E-8
1.1886657336098118E-9 8.498781767229957E-8
3.601490286671923E-9 5.554886661762737E-9
3.578062999605764E-9 3.845630702770109E-9
2.632939877175263E-9 2.5612406528985332E-8
3.3611299846030697E-9 8.425069752959757E-9
7.882469755741829E-10 1.33655854828163E-7
2.2570641802088524E-9 3.0986576526892406E-8
2.045503736160534E-9 4.1922706417452105E-8
1.3040941464751606E-9 3.207935617144386E-8
3.61770231678117E-9 1.2024618856187885E-8
2.767388607201838E-9 1.5766667416095004E-8
1.457991887866488E-9 3.4763290357453513E-8
4.062093977860303E-9 1.826516393688138E-8
3.426160419387391E-9 2.550309496918146E-8
4.933094768991364E-9 7.005822588723731E-10
1.4658248159461632E-9 9.33108368350588E-9
1.765633724380212E-9 5.362166155542525E-9
4.865326922107308E-9 2.833030476878662E-10
1.0672211092778235E-9 6.232868965394545E-8
4.849105576573041E-9 3.552378391447064E-9
2.2607245676673485E-9 2.666639653536862E-8
8.088166527043629E-10 1.015305238771802E-7
1.501196763326418E-9 3.934609704714376E-8
4.638814100487996E-9 3.8457986795137344E-9
2.2055329503529816E-9 1.1912867359242796E-9
2.1084999155211937E-9 4.2297233937560463E-8
4.935747394768048E-9 3.165063766630283E-10
1.4698685279849401E-9 1.6066107444423494E-8
2.6654208622964943E-9 4.7949038073369366E-9
5.632673517368659E-10 2.5903776013080915E-8
4.887254881629949E-9 1.3288272815437097E-8
3.145888006968151E-10 1.7022463916216424E-7
3.480820883143831E-9 1.8313399352543058E-8
1.495019998875463E-9 7.420085212928029E-8
4.387312386918738E-9 1.5292464738969613E-8
1.9879504136213197E-9 1.4670395453997287E-8
4.456806994902758E-9 4.968590205933765E-9
1.140165178108087E-9 3.086490008019638E-8
4.008263983311403E-9 2.5440761719508487E-9
3.3951186519615572E-9 1.9956356900330263E-8
4.72888047125198E-9 3.861396424831298E-9
3.65962932424153E-9 2.869994242260532E-10
3.2337980733272828E-9 7.85180032103483E-10
2.3521039374053536E-9 4.2418094592378E-9
4.496412136100758E-9 1.0605397560148333E-8
2.946371687868336E-9 3.149204341745815E-8
2.1712098833687347E-9 2.4869497794455242E-8
2.951980365683906E-9 1.1505951746926257E-10
6.833368935642854E-10 5.697312221997208E-8
5.666122125736868E-10 1.0220788271286807E-7
4.610733043105127E-9 8.229589565367235E-9
8.719622806472134E-10 3.886274635434006E-9
4.9851192787930136E-9 4.085760507699376E-9
3.109461646483588E-9 4.463966418732923E-9
4.477382242779703E-9 1.3793095554603951E-8
4.720735340978877E-9 6.4558972612260845E-9
4.1916672304483755E-9 1.3933199816129616E-8
4.939369239353566E-9 1.920522318954454E-8
7.920357476720504E-10 8.932813111428572E-8
4.510787056895308E-9 1.5701607569695852E-8
3.637787245759872E-9 1.5157572197388447E-8
8.467804471227436E-10 4.069868153599998E-8
1.361026411294938E-9 2.765892370693024E-8
1.6070883070993396E-9 3.272952553423636E-8
1.2593778776864851E-10 1.834252202348452E-7
2.3746222762669724E-8 7.283127434476455E-10
2.5473005317689303E-8 5.019592519417415E-10
1.0513249035618198E-8 8.550907426574383E-9
6.904537419089081E-9 4.69804084524128E-10
1.6617115717133327E-8 4.005686005115194E-9
1.641239180713762E-8 3.4856316721842973E-9
1.9899807114669892E-8 1.3367710272049749E-9
3.1280742228272757E-8 8.566840570267686E-10
2.488907959236723E-8 2.657608466627437E-9
4.545530582519262E-8 9.504304010476972E-10
4.4927875622793334E-10 5.3943353672814E-8
3.306525801592048E-8 1.6602644814511791E-9
4.839809264722541E-8 2.9659852351926475E-10
4.716015958547565E-8 5.837563765709319E-10
1.8567767101322518E-8 1.812939576240069E-9
2.8810726945967515E-8 3.252005331688679E-10
1.695014166035091E-8 5.517013401679094E-9
4.559225390263342E-8 3.6208169795770573E-10
1.7040944644471856E-8 2.1033661479208376E-9
4.198362360897319E-8 9.717573412615366E-10
4.967453396386176E-8 9.298026792947667E-10
2.7773548044394488E-8 2.7010710335062527E-9
3.05569859303076E-8 3.0707490994430486E-9
1.8475566284525775E-8 2.5353389387916536E-9
1.4560169365465824E-8 1.4548643401113281E-9
4.72728098341202E-9 8.041819987703036E-9
4.1485872638718856E-8 3.5793357167079876E-10
2.530656460163458E-8 1.2705970720006121E-9
4.4456823186418094E-8 2.3225987799690984E-10
1.763240569340025E-9 2.7103866040434355E-8
1.2006656638098832E-8 1.3530756515223175E-9
1.667086013921042E-8 2.0382324716905487E-9
2.114573797262083E-8 2.75275535699393E-9
3.4873970224881375E-9 9.935859690557436E-9
6.652832497603624E-9 7.098532317506567E-9
1.4220235575107502E-8 3.0868152478547017E-10
2.2186080224741286E-9 8.558177722051141E-9
3.316999104724616E-8 1.910839930729935E-9
3.013695082973588E-8 1.3259369158191703E-9
6.5362505499645415E-9 2.357207651293436E-9
3.645129619223476E-8 2.402402721202179E-10
2.05690551259658E-8 2.2181076975158476E-9
4.8919137009903354E-8 1.3560987888183718E-9
2.6112009626917823E-8 1.1974533586922576E-9
4.211837927019146E-8 7.592894091246194E-10
7.081757377773347E-9 4.315993118453321E-9
4.140019774453278E-8 2.3445689834034056E-10
1.0845757993479701E-8 2.379079933056971E-9
9.266911572642807E-9 8.215616298379302E-9
2.183813265823637E-9 2.0484045570867693E-9
3.084849094808737E-8 5.438227645981897E-11
1.042655053548708E-9 5.6156792327399785E-8
3.135252348945758E-8 8.02151345347113E-10
4.051764924653551E-8 7.805404100835744E-10
4.721079333902616E-8 7.846562288804648E-10
1.2227815170606983E-8 3.2375515601756888E-9
2.3838272565822024E-8 1.9500689951712502E-10
4.4702839400971175E-8 1.016395079211918E-9
3.881085743729093E-8 3.9255410033689486E-10
8.692755273580396E-9 1.019731810103508E-8
4.736640896447439E-8 1.134687566128889E-9
2.496776861212425E-8 7.796351342292951E-10
1.2605420563090972E-8 2.1721678900021857E-9
3.262908908094438E-8 2.315516556272712E-9
2.0935493471200984E-8 1.8040582361322777E-9
4.303934376497913E-8 1.5613109694001537E-9
2.2145908852669666E-8 1.4861220032358347E-9
1.8947438289385307E-8 4.563325273210239E-10
3.615006243155945E-8 2.0709886028313917E-9
3.4377982801985776E-8 2.22314244791022E-9
4.568511152746839E-8 1.5567913624892071E-10
4.643613169875058E-8 3.682014693140445E-10
1.7057308881718937E-8 2.2038668667789807E-9
1.980797458338088E-8 4.52270110251618E-10
2.971608682731165E-9 2.708181567889767E-9
4.178347099582215E-8 6.200865376726483E-10
1.134500838829627E-8 7.34751925968169E-9
4.486872394264983E-8 3.599752718130844E-10
4.8190748012324015E-8 1.123088066989908E-9
1.4168925827631832E-8 5.553895121579444E-10
4.7747193778615855E-8 1.1228870056001483E-9
1.280026656882827E-8 3.2405675920443855E-9
4.8239508235406857E-8 8.82117601186394E-10
4.622780536159372E-9 5.585180984368776E-9
1.388822869866591E-9 1.5017164178843245E-8
2.497684083579159E-8 2.9695177428123998E-9
1.0063541818422824E-8 1.0085404733573E-9
3.616041003404841E-8 2.4348627558623548E-9
2.3497993291415148E-8 2.360893924802099E-9
1.0815181064702216E-8 3.0599733857883393E-10
8.138302761815122E-9 7.527733325574104E-9
4.781647626759417E-8 5.06589992177453E-10
1.4423970155939557E-8 3.2900064894647585E-9
1.7709601848503747E-8 1.1819556444692125E-10
3.33420590005134E-8 2.4857003122491506E-9
3.8136007141306805E-8 1.9019732455660687E-9
4.9221612053154915E-8 1.4999879116572856E-10
4.0383823087642095E-8 1.282112749301234E-9
3.7447223796427665E-8 2.2517541165001376E-9
3.142342298819727E-8 3.8708036775858545E-11
3.1974925478731996E-8 3.1218491125528658E-9
4.819988275236876E-7 2.3986812536236357E-11
3.324736189453324E-7 1.277731254134551E-10
1.3107256947890822E-7 7.866374218679084E-12
2.076033338375516E-7 3.442124363317589E-11
1.842737227694894E-7 3.004043680476798E-10
2.894081042594445E-7 7.285283487590277E-11
8.947431164540345E-8 1.5610612802419155E-10
2.4678091504751863E-7 9.973277759200982E-11
3.2516153554380156E-8 2.7395258284101942E-9
2.680781770453791E-7 9.7087338168933E-11
6.493586219965282E-8 1.2350043210318518E-10
2.4416317859047934E-7 1.0832801322635532E-10
4.838731560902998E-7 5.635514277457787E-11
4.466530493958789E-9 6.586947653985931E-9
3.619713232070061E-7 3.7082559245504854E-11
1.6171937473436265E-8 8.041379784273772E-10
4.156456476184981E-7 1.3241563401322765E-10
3.1875147188436577E-7 1.1757705919990258E-11
4.3886295387750593E-7 1.6770651534159242E-10
2.7975866772047976E-7 9.216927221444848E-11
4.986702745300686E-7 1.2870648991025746E-10
3.9657631852681035E-7 7.611544727836872E-11
4.5932593779499225E-7 5.390132784555135E-13
5.7805417360886816E-8 5.100385669365437E-10
5.92747720305051E-8 1.2548807548640184E-9
1.1883266306255807E-7 4.036726508616084E-11
1.3368822190221318E-7 7.782915423248937E-10
1.4204982535126446E-7 3.157940575704288E-10
2.4323764336558776E-7 2.0407564527147315E-11
2.3300257343634148E-7 8.09936562262692E-11
3.1462740544139566E-7 6.097777838220964E-11
4.507688164310593E-7 7.433242910082072E-11
2.1168687509506204E-7 4.2236025787900644E-10
1.4201495487601694E-7 5.236190370183635E-10
2.6807337483440136E-7 2.678046673310064E-11
2.0292822333007293E-7 1.8528556466890223E-10
2.185013527181294E-7 4.782196860730892E-11
3.9760635543357884E-7 1.1112477604768856E-10
4.4857644844095126E-7 1.5178602819077014E-10
4.931030424307696E-7 1.8358092823689276E-11
2.41532270492817E-7 3.098916678823116E-10
1.2433682303990261E-7 1.1035394820169131E-10
4.702574500537985E-7 9.465062067448571E-11
9.219578192835667E-8 5.481871623302936E-10
3.6584121343346954E-7 1.02006958435652E-10
6.769639475412078E-8 9.173508619397808E-10
2.79397470355937E-7 4.078920534666963E-10
1.1782812960582189E-7 8.96426377572368E-10
3.4615505183625987E-7 3.0524327510050853E-10
2.5514814810419576E-7 7.790401657103985E-11
3.0279136959783936E-7 2.1010970741031088E-12
1.1525360037199643E-7 5.185394336137961E-10
2.0786687154193364E-7 2.9431646009214774E-10
3.8248860585073713E-7 2.3232271662010362E-10
6.718067262960895E-8 6.841268662682864E-10
6.473666675638142E-8 6.272826702513612E-11
3.8116624809979754E-7 3.5895064698365786E-11
4.895668810565988E-7 9.798850619802124E-11
4.593977907456347E-7 1.4332501852010182E-10
3.845664580626399E-7 1.0877387879304479E-10
2.0126061184672085E-7 5.131230995658598E-10
2.6918868458605504E-7 5.8195670504801456E-12
4.242948013933703E-7 4.848565993142984E-12
1.302207264259802E-7 2.63451926940661E-10
1.491539572931801E-7 3.3520064501857405E-10
4.6094167475493387E-7 3.6197378427971216E-11
4.780968407533205E-7 4.128875019659972E-11
2.996685621591666E-7 2.8444580024711286E-10
4.5207747403979483E-7 8.348788327339207E-11
2.1771381159484235E-7 3.9835668097509824E-10
4.4851095834282136E-7 1.930015036677446E-10
4.42397834571581E-7 5.011702164381404E-11
1.1042104545598651E-7 4.885957194389334E-10
9.683639353115406E-8 3.7895375726293423E-10
3.397382823059651E-7 2.147310107503131E-10
1.354761563038374E-7 2.069855398190157E-11
6.889317994740632E-8 4.924911589654357E-10
4.200687790428755E-7 7.253697642539692E-11
1.6047831375183368E-7 2.384653585707497E-10
3.3380164858464287E-7 2.098771156866519E-10
1.0364102226526465E-7 3.333399112293023E-10
1.670518489276074E-7 4.566435007902214E-10
4.4608082947720944E-7 1.7903978299926848E-10
1.236726443932299E-7 3.1446156789627366E-10
5.419072254724629E-8 6.430445065319645E-11
3.1539232925861075E-7 1.8019608027941558E-10
5.21922039285664E-8 1.544737227021642E-9
8.902946340550446E-9 8.910953086527229E-9
2.893228703238412E-7 4.757749749728646E-12
1.1720060312715328E-7 1.4224943445384497E-10
9.655925389407376E-8 5.586726636863659E-10
3.693192986019335E-8 5.606326514140392E-10
2.5937594772122743E-7 1.5927048568897817E-10
2.0668926460852092E-7 1.420497053317149E-11
1.7809534314914898E-7 1.9036394682814262E-10
3.2872661277279914E-7 9.429190761522932E-11
1.5397521217868803E-7 4.13963308076859E-11
1.6635035567583676E-7 9.729772543209947E-12
2.078797587542395E-7 2.98219338112915E-10
4.107453375195743E-6 1.514766090338071E-11
5.381302781466798E-7 4.534761455232683E-11
2.402639941577319E-6 1.697653129184573E-11
3.4545262119707963E-6 6.91602330959995E-12
1.5983012606646118E-6 9.849565607567001E-12
3.786063311505312E-7 1.0213052625829278E-11
2.7225151291584954E-6 7.367439991412539E-13
1.455844354818817E-6 1.0552336782154725E-11
1.6261812019245766E-6 2.4603652448718094E-11
4.832703032522009E-6 1.3595680137257204E-11
1.6387111746501608E-6 1.344369060518602E-11
8.5640279873998E-7 3.603783937933258E-13
3.5990927094552155E-6 1.269251370672464E-11
2.742306965126458E-6 1.591948795010012E-12
1.9266466061844814E-6 5.845879336163762E-12
1.617253514498776E-6 1.972411123318807E-11
4.934008538317416E-6 5.632494470830807E-12
3.1816712678556435E-6 7.697731341238523E-12
4.0459866262500436E-6 1.3926859665502889E-11
2.1299001784097773E-6 3.0795921368564905E-11
9.72966817314411E-7 8.688583186255983E-11
1.5293232452326082E-6 3.106359613980203E-11
4.963035355092716E-6 4.7019055315900005E-12
5.778873710246836E-7 5.4947935090865485E-11
8.05214737693392E-7 3.254940761365788E-11
1.7012369162827508E-7 2.3790069914042533E-10
1.3249960498370282E-6 3.315825392036231E-11
4.0282862716619E-6 3.76099151822018E-12
3.2661884951528226E-6 8.320122368843386E-12
4.6276069680263337E-7 2.770073059821243E-11
1.9089814824351798E-8 1.3708277846191663E-9
3.170102344134224E-6 4.756750549006483E-12
1.9788362461156573E-6 1.9031443088124433E-11
2.554252170689147E-6 1.645306113573497E-11
1.0098732461837316E-6 1.0695189178733244E-10
3.4535381897150525E-6 2.78388423424758E-12
3.6787716259314094E-6 2.4236168627567167E-13
1.6005705823273564E-6 4.069256043237601E-11
2.4896980284552354E-6 2.0483059692821826E-11
7.522152972745657E-7 9.243061871444525E-11
2.219684916029669E-7 7.770606380574918E-11
2.9612887369820535E-6 1.6479262399116124E-11
1.8001064018372986E-6 3.161970685283677E-11
1.569868303780137E-6 2.670641485735814E-12
1.6121866293599266E-6 7.500056131704014E-11
4.976191196388357E-6 1.5283441179292367E-11
2.2860584765495242E-6 1.8529400236388938E-11
4.2436907587493254E-6 6.923350781562476E-13
1.0504307512906046E-7 5.289468862912372E-11
1.0030772947914367E-6 2.983657765298631E-11
1.230238946762901E-6 5.626410448655861E-11
3.558425558247054E-6 2.1930457450025642E-11
3.946621288218939E-6 4.125144670297232E-12
2.4985273027426963E-6 4.207156845126292E-11
2.281291030986646E-6 5.000000413701855E-12
1.6784570717003223E-6 1.3889001060363171E-11
3.5867362994966675E-6 4.133249298376995E-12
2.057187660485336E-6 1.3668843834580002E-11
2.337679505109593E-6 1.5580869927589447E-12
3.3295761987164816E-6 5.163869332136528E-12
3.270451030717045E-6 1.527078463681164E-11
4.490174236261676E-6 4.652944696204031E-12
2.6779839303066094E-6 4.410249943020972E-12
2.717754088728868E-6 2.3452351172181807E-12
1.7561650907994458E-6 5.881362064030782E-11
2.1947675313775567E-7 1.4586076790834568E-10
2.2387755083523248E-6 1.0330181154927232E-11
3.7591718299067946E-6 2.191624659531044E-11
2.5345746584040843E-6 1.9633517034378656E-11
3.49279321105295E-6 1.007194327939942E-11
2.3328335158090957E-6 6.218470183227964E-12
3.8139227941914887E-6 1.3085199590534558E-11
1.330027130869676E-6 1.2863488052516914E-11
3.182004008213692E-6 5.605405029029953E-12
1.7733072193587342E-6 4.203271064540104E-11
4.265210799941737E-6 3.2543967520837214E-12
1.854272645374536E-6 1.3793410857942945E-12
1.2185433516405402E-6 3.3205660443513807E-12
4.32353169812881E-6 1.3698264744732569E-11
3.9665400287683715E-6 1.3181455926769559E-11
4.752340547619817E-6 1.780353642288901E-12
3.0402068385277373E-6 1.2678191829706975E-11
1.6275581149919016E-6 2.475131211099324E-12
3.7912984046103077E-6 8.670508755415085E-12
4.431243290476689E-6 5.679567927074913E-12
7.764777708430218E-7 8.912648397085832E-12
4.293058601327643E-6 8.147482688514174E-12
2.2623060543833604E-6 1.628885915039291E-11
3.994440987504142E-6 5.4959370388019124E-12
3.2832432519124256E-6 1.5122791907629107E-11
1.5961193071202839E-6 2.0926926858066963E-11
3.513312764921255E-6 1.4313328300374906E-11
4.818472991445079E-6 9.850120719079314E-12
2.5528080563844233E-6 5.047273710090394E-11
1.3565365835719432E-6 7.163380999486435E-12
4.6400901829834E-6 1.2681189431873463E-11
4.402889815133764E-6 1.7267076657390135E-11
3.471406145955631E-6 4.164668609973887E-12
8.925813791956992E-7 3.335853815400469E-11
4.835683026383639E-6 1.0810130568472687E-11
4.000597748063989E-5 1.0269562977782698E-13
3.373945942741351E-5 5.38902256153051E-13
2.6058005854909528E-5 3.998468223187501E-12
3.5725425425324134E-5 4.838351941316432E-13
1.1929521210879937E-5 3.873568132917171E-13
4.3545175440831456E-5 1.0070833056374795E-12
3.669273218168617E-5 1.3840040224977201E-12
4.4936849079435875E-5 4.958256027975949E-13
2.0124120515208018E-5 1.7631451854072111E-12
4.8312263439963435E-5 1.1244338793403585E-12
3.4968434267233665E-5 4.3165471197426086E-13
6.056758253701019E-6 6.416644993123555E-12
2.4353001083476047E-5 1.6878720643376255E-12
2.4352080011509472E-5 1.7341683644644945E-12
1.5620177769519133E-6 2.6515012407912764E-11
4.82816110582549E-5 1.1582956815914258E-12
6.817962210089349E-7 7.695655224182474E-11
2.8962191458435753E-5 1.3403722576299515E-12
2.6552893253674776E-5 1.4153123117921496E-12
2.9478250550377454E-5 1.6253665080512292E-13
3.633596775849749E-5 1.9156898289907076E-12
4.230986499843935E-5 1.4163115125143122E-12
7.934955843756256E-7 1.1799938803847E-10
3.5490719899896925E-5 9.71445146547012E-14
4.244048718447681E-6 1.5237811012980274E-11
2.2055352363685025E-5 2.124189713015312E-12
8.850548196353929E-6 4.552025423265604E-12
1.549391414642747E-5 4.191980096379666E-12
2.406182635578192E-6 5.383249401802459E-12
1.739009605071401E-5 3.965827666263522E-12
1.2684869079086046E-5 4.335753978068624E-12
3.5542827200975096E-5 3.205213872092827E-13
3.448719591572035E-5 1.4306333895319767E-12
4.644033689459834E-5 1.5156764732182637E-12
4.153508507145128E-6 2.6184610035784317E-12
4.364774782849865E-5 2.8610447344590284E-13
7.105689952350483E-6 6.401212893081265E-12
1.8574534467696123E-5 1.900701818158268E-13
2.614654100270407E-5 8.453238109495942E-13
4.6199949381575494E-5 6.886713421749846E-13
2.6175419135006744E-5 1.0860201626883281E-12
3.105336213774783E-5 6.342704139683519E-13
1.6711843293200064E-5 1.45328193923433E-12
4.7379038890443866E-5 5.3512749786932545E-14
3.9352481695796266E-5 1.489253165232185E-12
3.7673967395082054E-5 1.624256285026604E-12
1.7874704848021934E-5 6.48925357893404E-13
2.9225551212568325E-7 3.2927283122319295E-10
4.415162682165556E-5 3.2218672174622043E-13
2.5585546262759866E-5 6.756817327868703E-13
1.1025138017582279E-5 1.1975975766631564E-12
1.1027681004558243E-5 2.7755575615628914E-15
1.1617214006340253E-5 2.841615831528088E-12
4.529119564150756E-5 2.616795669041494E-13
4.372426222240502E-5 3.530509218307998E-13
2.454743108173759E-5 2.7177149419799207E-12
1.3569175887162372E-5 2.9006796964381465E-12
1.8001380220545816E-5 2.560618383995461E-12
4.857216457650648E-5 2.154942890797429E-12
4.403578528893727E-6 1.476585520521212E-11
3.739155573838591E-5 9.192646643896296E-13
4.396725412161098E-5 9.016121182980896E-13
2.3383135624311857E-5 2.1513901771186283E-12
4.662864768449389E-5 5.335731856348502E-13
2.6090987484348177E-5 1.9869661471716427E-12
5.1974603275718035E-6 2.111388841541384E-11
4.333022398989805E-5 4.530820163495264E-13
4.1834209043504105E-5 6.082911951921233E-13
4.292472693045893E-5 4.5141668181258865E-13
4.604992372645711E-5 2.62234678416462E-13
9.94953145243184E-6 3.005817816870149E-12
1.8545216470128108E-5 4.984901380566953E-13
2.9282641138067535E-5 2.7445823391758495E-12
2.5590544355493174E-5 8.608669332943464E-13
8.935726303659327E-6 7.91033905045424E-13
1.5104378841835347E-5 3.2664981830521356E-12
1.7047828892143796E-6 3.0240809856252326E-11
1.6323590628257134E-5 3.681055460447169E-12
4.851372464448132E-5 5.3512749786932545E-14
3.709998849065136E-5 1.369349078572668E-12
1.892599706837026E-5 2.14572803969304E-12
2.4923979775640582E-5 2.5346391652192324E-12
3.2837559822305975E-5 6.151745779447992E-13
1.2202280795546377E-5 3.438582751869035E-12
4.2661215424046606E-5 3.9812597663058114E-13
3.1939522623629845E-5 1.4671597270421444E-12
4.034591119698959E-5 8.708589405159728E-13
4.537553339814139E-6 8.26694268596384E-12
1.6479916100813697E-5 8.438805210175815E-13
3.908159620747705E-5 5.56554802244591E-13
2.5294835504514338E-5 2.3910873281351996E-12
4.628586063423917E-5 7.388534228880417E-13
4.556543252449266E-5 1.5432100042289676E-13
2.4685624855332693E-5 2.3063773113563E-12
4.179172268738672E-5 1.7240653349404056E-12
3.50573144906472E-5 6.569189636707051E-13
2.6414631098668382E-5 1.652233905247158E-12
4.019808948635811E-5 3.331779296900095E-13
3.570538896205229E-6 2.901678897160309E-12
3.1783600685854685E-5 9.50794998288984E-13
4.960566603795656E-4 3.552713678800501E-14
3.3134735948540445E-4 7.926992395823618E-14
3.9476919619931184E-4 1.744160371686121E-13
2.5355489375208034E-4 1.9306778398231472E-13
3.0646347879882316E-4 3.774758283725532E-15
4.854989027185221E-5 1.7474910407599964E-12
3.417267953152395E-4 1.4765966227514582E-14
7.043761764413495E-5 9.658940314238862E-15
1.3612895834563804E-4 1.3877787807814457E-14
4.7105198235484055E-5 1.3696821454800556E-12
5.9228729904792466E-5 1.5989432000651504E-12
1.9860101808435313E-4 1.3156142841808105E-13
3.979861651503033E-4 2.7644553313166398E-14
2.56512519180331E-4 3.441691376337985E-14
1.849447725439329E-4 1.162403506782539E-13
1.5446146429786477E-4 2.617905892066119E-13
2.891432250780896E-4 1.5731860258938468E-13
2.100347100745804E-6 2.036315560616231E-11
2.1743631850924326E-5 2.6918467455061545E-12
1.382303752450885E-4 9.670042544485113E-14
3.35170580471654E-4 4.007905118896815E-14
4.993755865653457E-4 2.4424906541753444E-15
1.9705170548122672E-4 1.0891287871572786E-13
1.9390449265619623E-4 2.653433028854124E-14
4.829097896045118E-4 7.394085344003543E-14
1.5822015626057163E-4 4.440892098500626E-15
6.54127319745916E-5 2.3148150063434514E-13
4.993320770334614E-4 8.415490526658687E-14
3.456399013750165E-4 2.1183055309847987E-13
4.200336104115527E-4 1.1213252548714081E-13
4.1242988188394675E-4 1.2101430968414206E-14
3.4075260007801716E-4 1.9872992140790302E-14
7.016017022139634E-5 8.126832540256146E-14
1.799596692313111E-6 2.601696635906592E-12
1.105573769015255E-4 5.917488721252084E-13
2.6614901313917267E-4 8.537615059367454E-14
2.3919530344852273E-4 1.2712053631958042E-13
2.7505759737845177E-4 6.716849298982197E-14
2.976185924882839E-4 2.1549428907974288E-13
3.048177734648914E-4 1.0558220964185239E-13
2.4450259075694934E-4 1.255662240851052E-13
6.489053737143265E-5 1.212807632100521E-12
3.9746302905487854E-4 1.268984917146554E-13
4.86753774850026E-4 4.518607710224387E-14
1.661572315045542E-4 3.219646771412954E-15
4.1429257191321527E-4 6.183942247162122E-14
3.788342624377025E-4 1.1435297153639112E-13
1.947629588131521E-4 3.86468634872017E-13
3.717155270117308E-4 1.7319479184152442E-14
3.2266026945833613E-4 3.0309088572266774E-14
5.330677204923669E-5 3.036459972349803E-13
1.3465764201442887E-4 9.237055564881302E-14
3.05302683185242E-4 8.903988657493755E-14
1.336546302894127E-4 1.638689184346731E-13
4.460590626265963E-4 4.0523140398818214E-14
4.144552815061785E-4 1.6542323066914832E-14
2.7114505276122614E-4 2.1871393585115584E-14
1.1730969225493187E-4 2.1538326677728037E-14
3.342860898884833E-4 1.5309975509580909E-13
3.821932235961576E-4 9.314771176605063E-14
4.2866401547031165E-4 5.384581669432009E-14
3.6401805449527485E-4 6.80566714095221E-14
4.37213905851233E-4 2.7422508708241367E-14
4.8378831292364346E-4 6.039613253960852E-14
2.069715628519994E-4 4.798383912429927E-13
3.839020022596882E-4 2.304822999121825E-13
4.589648034386289E-4 2.020605904817785E-13
4.6731145578007637E-4 1.4066525722000733E-13
4.1545502391360234E-4 1.6853185513809876E-13
2.840831568682358E-4 2.2426505097428162E-14
2.3093117572862447E-4 1.5543122344752192E-15
2.781139317955558E-4 7.216449660063518E-15
4.741115272915324E-4 1.0058620603103918E-13
7.849235598357266E-5 1.9984014443252818E-15
7.385161737570059E-5 9.514611321037592E-14
4.6043346973505457E-4 5.1514348342607263E-14
4.1238974827401077E-4 6.750155989720952E-14
7.011541647643391E-5 1.2789769243681803E-13
2.0144296288969777E-4 2.0761170560490427E-13
3.054244199985312E-4 3.5138558729386205E-13
8.851986503927288E-5 1.2223555501122974E-13
3.339491876681687E-4 1.1601830607332886E-13
1.7226933837098507E-5 2.55262477821816E-12
3.629980888721261E-4 1.4066525722000733E-13
4.626597804442194E-4 5.440092820663267E-15
1.2044662657268235E-4 8.86402062860725E-13
1.4100443254760237E-5 1.3857803793371204E-12
2.6542539710146614E-4 1.488809076022335E-13
2.1665855042080442E-4 2.8754776337791554E-13
4.938578276569927E-4 1.1335377081422848E-13
1.7223365047211824E-4 3.3850700020821023E-13
9.434544907768321E-5 7.94253551816837E-13
5.083565127754011E-5 3.1730174043786974E-13
2.176286550997808E-4 2.62234678416462E-13
2.650399605560875E-4 4.18554080283684E-14
2.5964034884205225E-4 1.821875983409882E-13
1.0389714890607565E-4 5.345723863570129E-13
2.9989694982440534E-4 1.20570220474292E-13
3.2524747618547194E-4 8.448797217397441E-14
4.857744588039566E-5 1.1339817973521349E-12
0.0013595787477584899 3.6637359812630166E-14
0.002161303177805558 6.010747455320598E-13
0.0019351143673975394 3.6293190674996367E-13
0.001466871787526604 1.092459456231154E-13
0.0038661083929424963 6.246669848053443E-12
0.0013307867635236903 1.0125233984581428E-13
7.054235188434679E-4 1.212363542890671E-13
2.803561006506323E-4 1.3233858453531866E-13
0.003700833715252609 5.2520210402917655E-12
0.004684681930142076 1.3510859098175843E-11
0.003203847878955372 2.9674041002181184E-12
0.0016186752694115922 1.724176357242868E-13
0.0029774157061733717 2.19735341033811E-12
0.0033424267826963365 3.490763234026417E-12
0.004272667591172809 9.333867012628616E-12
0.004850370523621613 1.5535461805882278E-11
0.00324552779062007 3.1191715876843773E-12
0.003276618222329947 3.2257529980483923E-12
0.00491349980522884 1.6339818387223204E-11
4.5209482685584464E-4 4.196643033083092E-14
0.004005880039374321 7.234990384574758E-12
0.0025419517082412206 1.1696199564426024E-12
0.004597463660796533 1.2530421145129367E-11
0.001285090824515744 1.1579626146840383E-13
0.0017124435987929407 1.9340085088970227E-13
0.0018890407651206333 3.432809592140984E-13
0.004283262083413836 9.420353386246916E-12
4.7104297012483774E-4 6.006306563222097E-14
0.0011058976441513145 1.7763568394002505E-15
0.003088832426859361 2.5469626407925716E-12
0.0031712876779704116 2.8395064077813004E-12
7.716310938166835E-4 2.353672812205332E-14
0.003910801302416038 6.5571992280410996E-12
0.0015833712936116108 1.9129142714291447E-13
1.7596059147027783E-4 1.5709655798445965E-13
0.0030567764368675597 2.450151193045258E-12
0.0038987182146202233 6.487255177489715E-12
0.004399952578642697 1.0505707415120469E-11
0.002333858556429139 8.22897305852166E-13
0.0036584853667561037 5.047295914550887E-12
0.0020704977523089115 4.868327962981311E-13
6.182489472213662E-4 4.0745185003743245E-14
0.001881800364387021 3.483879851273741E-13
0.0021503620987145156 5.963007865261716E-13
0.0012431440687082048 3.730349362740526E-14
6.377825215003743E-5 1.8973711490843925E-13
0.001536895022214 1.270095140171179E-13
0.002367271288409283 8.636424908559093E-13
6.401803652107854E-4 9.736655925962623E-14
0.001316123365733557 1.2212453270876722E-13
0.003589672643379916 4.651612428574481E-12
2.8530116456584664E-4 1.1257661469699087E-13
0.003179142328566872 2.840283563898538E-12
0.00256660182455693 1.2138068328226836E-12
0.0027817613774979467 1.7118528816695289E-12
0.0027190864078531973 1.507349800533575E-12
0.0010258114948117052 4.3520742565306136E-14
0.0033376237132919182 3.4751090893792025E-12
5.811791561539461E-4 6.794564910705958E-14
6.6171826380839E-4 4.6629367034256575E-14
0.0036420256518962975 4.940492459581947E-12
0.0015847632937722861 1.8540724511240114E-13
0.004391159076968304 1.0428768959513945E-11
4.918817567882386E-4 6.827871601444713E-14
0.0019923798257577463 4.589661983800397E-13
0.004242610488324935 9.09083919253817E-12
0.0044325292685041635 1.084599077216808E-11
2.0352208583280973E-4 1.0180745135812685E-13
0.0027948585747215923 1.7242873795453306E-12
0.004846757757953454 1.5489387550360334E-11
0.0035250193193202507 4.365729999733503E-12
0.0012752609629298394 5.88418203051333E-14
0.0027014154134503325 1.461275545011631E-12
0.004466814760831589 1.1174283720549738E-11
7.59467752319181E-4 9.836575998178887E-14
0.004789942855238068 1.476452293758257E-11
0.004076744682144989 7.740807994593979E-12
0.0018191344382222081 2.881028748902281E-13
0.004100754557249692 7.924105815959592E-12
0.002939108175213707 2.1050938769917593E-12
0.0016069632974526438 1.6053824936079764E-13
9.297299885877246E-5 2.836619827917275E-13
0.0042903880279510625 9.524825372864143E-12
0.004102853803382052 7.947753566384108E-12
0.0023146517048680364 8.503198145604074E-13
0.0017200930315398185 2.672306820272752E-13
0.0030280226756354274 2.3704371798771717E-12
0.0012824543549725565 1.247890679678676E-13
6.826739877038287E-4 1.3866685577568205E-13
0.003045362088348792 2.408406807319352E-12
0.002302788290739179 7.898126597183364E-13
0.004781283219517279 1.465505494735453E-11
4.964304658120469E-4 1.8740564655672642E-13
0.003614684018889469 4.790501328955088E-12
0.003918163417679883 6.5927263648291046E-12
6.789859179332128E-4 1.2179146580137967E-13
7.02664969043029E-4 8.548717289613705E-14
0.00458664185137077 1.2414180794451113E-11
0.0037082250443757825 5.311195927504286E-12
0.0018245213736969254 3.3995029014022293E-13
0.04052683545285555 7.564909632051808E-8
0.025955197960583494 1.2728596177069562E-8
0.036784598028699295 5.1346633944682196E-8
0.027856027107416338 1.688707607083728E-8
0.045488105174155455 1.200610945106817E-7
0.042459104492253485 9.113978349795104E-8
0.023209229037640663 8.138283047465222E-9
0.044352310181055815 1.0851285059398919E-7
0.027451406693611288 1.5927122509751257E-8
0.023029019483161654 7.888459441218743E-9
0.03651383334216082 4.985155044323619E-8
0.026304318028092452 1.342735178599952E-8
0.01767117065254102 2.7350386400115667E-9
0.025568804597242513 1.1987425163617615E-8
0.0409519403521646 7.887313846488553E-8
0.03743966019770319 5.510271872122274E-8
0.015091968016690379 1.4550972649018945E-9
0.002882710519945482 1.9629853298397393E-12
0.032089784580935414 2.9739376739001955E-8
0.026467029223481625 1.3762662232075229E-8
0.03845837572358553 6.134867314155912E-8
0.022350794132592323 6.9994526841199445E-9
0.04366826059391056 1.0197245614573802E-7
0.01106505229431625 4.2046466308676145E-10
0.028482686394184633 1.8458637507379194E-8
0.039748860751506146 7.000594781647607E-8
0.04962541758634983 1.7006199193314586E-7
0.01468891905629952 1.305766272885478E-9
0.00937984412194024 2.171185453647695E-10
0.036729836572961985 5.1041581183852713E-8
0.02383592865148067 9.053507499245939E-9
0.01915407070852385 3.77523245997935E-9
0.04627626276164728 1.285997976996356E-7
0.012196381584443106 6.206337666014861E-10
0.019977536224256402 4.467501701910237E-9
0.005575385471290631 2.7118751688703924E-11
0.020008943416895904 4.495663397108274E-9
0.018819901162199847 3.518590752094042E-9
0.016600445892739464 2.1300141650471005E-9
0.011171922906205427 4.369354877908904E-10
0.03365356961479066 3.5973598655481E-8
0.007299072267702187 7.960754278002469E-11
0.037954171476454655 5.819443749111031E-8
0.029691451078268774 2.1797062155215485E-8
0.015755040586290764 1.7281581721206862E-9
0.032601323202210666 3.1681363865665446E-8
0.009417356433504769 2.20620854918252E-10
0.028765597194243438 1.9202982093347032E-8
0.04368115224094873 1.0209290934870552E-7
0.03839364610898605 6.093672522133886E-8
0.03747961400109506 5.533828451032008E-8
0.04837561608567183 1.5356877980376993E-7
0.026779902499921984 1.442502994830619E-8
0.018144481386232147 3.0400378880912626E-9
0.018140423115978157 3.037321172350005E-9
0.030790421495796135 2.520759390112204E-8
0.013093178160559838 8.243078442049523E-10
0.003966315825295965 6.927680651358514E-12
0.02431865541237754 9.809470458144176E-9
0.013832637559570893 1.026893681199681E-9
0.01526432523578958 1.5227079597224247E-9
0.007169038404569459 7.407752189436678E-11
0.0024073144592490618 9.476863738200336E-13
0.04613509154191842 1.2703792429125116E-7
0.04097438526751904 7.9046177603459E-8
0.027706961997043682 1.6528518997915853E-8
0.02046158806990163 4.91647045297583E-9
0.0051693100606160745 2.0036305947712663E-11
0.010751542811154724 3.747943067011761E-10
0.01322782401965505 8.587373034885104E-10
0.005674321172923722 2.9081292929333813E-11
0.016259207117299803 1.9602078848990345E-9
0.0013205890292680828 1.1790568521519162E-13
0.032269984777358526 3.0412988683004016E-8
0.036771541666496314 5.127378277514083E-8
0.033537296820633125 3.547904792178258E-8
0.01579397950770303 1.7453021250446454E-9
0.030304401995604947 2.365338624965574E-8
0.017751691046651794 2.785231045798753E-9
0.0018574162789146151 2.674527266322002E-13
0.0029533227048017152 2.1155299734232358E-12
0.01178087064913858 5.402756020345123E-10
0.0029957052872997287 2.2249979636512762E-12
0.02204707496295335 6.62669086270995E-9
0.026629910156368633 1.4104572398920823E-8
0.03611340939236473 4.77006623089693E-8
0.02019113768697585 4.66164828960558E-9
0.04056418569625697 7.592833417557898E-8
0.02276515939305811 7.533103585366518E-9
0.030627552402258614 2.467849047338433E-8
0.04674200689592347 1.3385492536599486E-7
0.028617073357984614 1.8809463098179435E-8
0.02611659367869707 1.3048143676641644E-8
0.008892707001912973 1.7540746632960236E-10
0.03737708024930923 5.473525721555461E-8
0.005113307090239197 1.9173662657578916E-11
7.722902424010528E-4 7.549516567451064E-14
0.0385756250433923 6.210017600150053E-8
0.025522811958987115 1.1901407082071103E-8
0.04242203942348626 9.08219914830255E-8
0.18646429721670357 3.3767814800800267E-5
0.28976420868447844 1.9577416287297478E-4
0.28673183420041215 1.8774590081893638E-4
0.2386615680183964 9.03863302297303E-5
0.4795091322159779 0.001442827755267162
0.047464723415331665 1.423263230604377E-7
0.28467191930703667 1.8243417488827962E-4
0.4710472426439778 0.00134493378397893
0.39272721936794786 6.550979689258218E-4
0.48937922238192083 0.0015635593424884187
0.19475758149336536 4.017299591718704E-5
0.38122806919178026 5.822936025625669E-4
0.3033399970494759 2.3489768858953042E-4
0.3549737603489763 4.38719743653615E-4
0.2680334628801386 1.4353548848822228E-4
0.06414926559503545 4.7475755549086784E-7
0.31771587682090996 2.8239304223831585E-4
0.28591825508213303 1.8563439344276844E-4
0.31525584566518533 2.737987362227967E-4
0.3313002697331736 3.3352587923185517E-4
0.05344995879669043 2.2885461992139255E-7
0.03742656814358255 5.5025688117105176E-8
0.1471271952472423 1.3109029135538464E-5
0.40439972296325416 7.35706179178619E-4
0.028665950900838358 1.8938289714220957E-8
0.4364404891219163 9.948730338159573E-4
0.3532971869618985 4.305507050644808E-4
0.42200253397316084 8.709010917505866E-4
0.48845030326020106 0.0015518894657478022
0.2975492544208525 2.1755818919644287E-4
0.4465738748192176 0.0010893763453506677
0.23090687525331405 7.923344544102928E-5
0.22342678083773249 6.948286620267474E-5
0.3927901564988602 6.555141455513169E-4
0.10044849249857657 2.852133913378019E-6
0.3585558103251908 4.5655914768971684E-4
0.23870179190323 9.044707349936676E-5
0.15985497218362824 1.8260021386273806E-5
0.23782276402331837 8.912656139381525E-5
0.4400692223587252 0.001027985503114115
0.01275897245167474 7.43311523443424E-10
0.12473045786167299 6.776470979574789E-6
0.08673766483746247 1.5862068341032654E-6
0.20410840093037674 4.844036412898767E-5
0.04535366634362639 1.186481963788566E-7
0.009430336266264777 2.218266681452974E-10
0.0049376934185456104 1.6672774272308288E-11
0.40546697798625586 7.434268840548208E-4
0.43105611646992514 9.472058526962535E-4
0.19323011038433613 3.8930195122022226E-5
0.38926497104105734 6.325044278913117E-4
0.3290982367574897 3.2480283147295896E-4
0.31081441177987806 2.5877793041062525E-4
0.09669470702681737 2.449318645791898E-6
0.3281626369847489 3.211485144527515E-4
0.18023032724192886 2.948152097137502E-5
0.24775611298236136 1.0491596106221301E-4
0.16179310601385619 1.9160396933615154E-5
0.3259768546462246 3.1273060700365285E-4
0.31828729599293415 2.8441778207111135E-4
0.3454201269643535 3.9367585952054807E-4
0.40852302055968986 7.658677395310232E-4
0.42628256470993986 9.063816161524185E-4
0.3885251284964349 6.277525497573322E-4
0.27670791332888955 1.6294655725135332E-4
0.05872227089461627 3.3338877758470886E-7
0.3881175454814336 6.251460779416185E-4
0.45460873091233656 0.0011689104359026148
0.3200660000243325 2.907896720588665E-4
0.43112284657003286 9.477860273204852E-4
0.22379496048333064 6.99406249782264E-5
0.23779664055407457 8.908753946623715E-5
0.005759157298956378 3.08628678169498E-11
0.22820730804193554 7.560375468618208E-5
0.3898745417193848 6.364396343424561E-4
0.02396735969498455 9.254842892048032E-9
0.059566532855052895 3.529748249242459E-7
0.4550560514400217 0.0011734610399807277
0.233907849649663 8.341960756885758E-5
0.2084119325177975 5.264563949769485E-5
0.49383040890336855 0.0016203811505057786
0.03312799229893267 3.377859547626372E-8
0.43873303459153257 0.0010156991493586176
0.31013422620849046 2.5653302056583005E-4
0.43651016612223736 9.955012936095908E-4
0.19779605682739634 4.273321555581244E-5
0.17337980246343374 2.5255598682161207E-5
0.10234170266076537 3.0731723807964073E-6
0.10774153937906562 3.774421711510989E-6
0.4974629202525356 0.0016678709601762876
0.4550553985855213 0.0011734543889297955
0.27387567188336553 1.564059725664979E-4
0.2503738991695529 1.0940390670288735E-4
0.14421095584239566 1.2101401085651275E-5
0.3502176274134287 4.1584131751337683E-4
0.25752183214617136 1.223897665272311E-4
0.2960560314675713 2.1324627819752084E-4
0.10119478589124026 2.9377915824468914E-6
0.09440102244301413 2.2251737890055523E-6
0.035457715837141544 4.4329811599297386E-8
